# 
#                 ----------------------------------------------------
#                 Data from a 3D direct N-body simulation. 
# 
#                 rows are i-particle; 
#                 coumns are :mass, tag, x ,y, z, vx, vy, vz, ax, ay, az
# 
#                 NTHU, Computational Physics Lab
# 
#                 ----------------------------------------------------
#                 Time = 94.00000000001118
1.000000000000000000e+00 2.000000000000000000e+00 3.000000000000000000e+00 4.000000000000000000e+00 5.000000000000000000e+00 6.000000000000000000e+00 7.000000000000000000e+00 8.000000000000000000e+00 9.000000000000000000e+00 1.000000000000000000e+01
2.000000000000000000e+00 2.000000000000000000e+00 2.000000000000000000e+00 2.000000000000000000e+00 2.000000000000000000e+00 2.000000000000000000e+00 2.000000000000000000e+00 2.000000000000000000e+00 2.000000000000000000e+00 2.000000000000000000e+00
7.351242704314839216e+01 3.328804294021748547e+02 7.369469042822987603e+01 1.219771711416562084e+03 -1.395397548400024789e+03 1.071108632607247415e+02 2.713392410861448667e+01 -4.348442140400547942e+02 5.401780625555833382e+01 2.993354346468510130e+02
-8.000363924649016099e+02 -7.510588591219080001e+01 -2.893704906634274607e+02 6.090733133082926543e+02 9.311098149369112207e+02 -1.232322589743199387e+03 1.564088285467600201e+02 -3.079181075026661460e+02 -2.927246521910062711e+02 -1.598982151058974921e+02
6.860542869391206011e+01 3.507540733891406717e+02 -3.766073414231749439e+02 4.453280063739346701e+02 -2.529305722708739381e+02 9.523863945653756957e+01 -6.247884401988529817e+02 -2.379428717840377203e+02 -1.414698429547562455e+02 8.723979671825428284e+01
2.590384158900775891e-01 1.235251798367174692e+00 3.166541000836787384e-02 4.428758077772607216e+00 -5.139881942270935866e+00 3.939356831046168517e-01 6.468007978700568428e-02 -1.595694644066220080e+00 4.184459587506673683e-01 1.125927135778491683e+00
-2.906336252552284893e+00 -2.939813250009268297e-01 -1.133870024216135253e+00 2.233778726561437278e+00 3.437306919649864234e+00 -4.493093634432132610e+00 5.912408623813496522e-01 -1.072482743372386027e+00 -9.287081004739586865e-01 -6.377965416114041997e-01
2.128916499055389655e-01 1.213507804166629400e+00 -1.353396127166142104e+00 1.518806965759841532e+00 -8.623125535125704122e-01 3.221993850652997149e-01 -2.213508267732073875e+00 -7.822841523698608190e-01 -5.241381421347743874e-01 3.634120617651723228e-01
2.650217214409932212e-07 -1.291017493580284381e-04 -4.910344696769270399e-03 -6.329673546105689494e-06 3.562090780983631164e-06 -1.339942132381343151e-06 1.731377652797017229e-05 2.957454954254827920e-05 4.968235127472302344e-03 2.816549576054007818e-05
1.781114040820545427e-05 -2.407898358001154930e-04 -8.160304013555555935e-04 -4.522350307120948200e-06 -2.802685162371487513e-06 2.131846448824690506e-05 -4.239334701668213235e-05 2.085105757811766071e-06 8.652307977439847300e-04 2.000931112435966200e-04
0.000000000000000000e+00 0.000000000000000000e+00 0.000000000000000000e+00 0.000000000000000000e+00 0.000000000000000000e+00 0.000000000000000000e+00 0.000000000000000000e+00 0.000000000000000000e+00 0.000000000000000000e+00 0.000000000000000000e+00
