# 
#                 ----------------------------------------------------
#                 Data from a 3D direct N-body simulation. 
# 
#                 rows are i-particle; 
#                 coumns are :mass, tag, x ,y, z, vx, vy, vz, ax, ay, az
# 
#                 NTHU, Computational Physics Lab
# 
#                 ----------------------------------------------------
#                 Time = 61.999999999996234
1.000000000000000000e+00 2.000000000000000000e+00 3.000000000000000000e+00 4.000000000000000000e+00 5.000000000000000000e+00 6.000000000000000000e+00 7.000000000000000000e+00 8.000000000000000000e+00 9.000000000000000000e+00 1.000000000000000000e+01
2.000000000000000000e+00 2.000000000000000000e+00 2.000000000000000000e+00 2.000000000000000000e+00 2.000000000000000000e+00 2.000000000000000000e+00 2.000000000000000000e+00 2.000000000000000000e+00 2.000000000000000000e+00 2.000000000000000000e+00
4.864587322864448282e+01 2.134673355955465013e+02 5.915161407850405340e+01 7.945724464985909208e+02 -9.019471839942656288e+02 6.928490709099685319e+01 2.103187728792696376e+01 -2.814775987601923930e+02 2.569928668727202847e+01 1.914615636558371534e+02
-5.209198623076478043e+02 -4.840227864097323618e+01 -1.836260243461677533e+02 3.946031094289257339e+02 6.011112749189736633e+02 -8.008557945143162442e+02 9.939034358123160473e+01 -2.049469388616087144e+02 -2.001555271616468588e+02 -9.740510246667464855e+01
4.816783030298361012e+01 2.342573241889227518e+02 -2.466813132152191486e+02 2.995225376610013086e+02 -1.701485671335502161e+02 6.430749849021522380e+01 -4.122916464965500154e+02 -1.628435931564703196e+02 -9.115258130986977392e+01 5.235223878881703996e+01
2.590181163873396808e-01 1.256273034189135718e+00 2.268591778946684456e-01 4.429693558793379005e+00 -5.140409901323208963e+00 3.941330223310364200e-01 6.204218782838436669e-02 -1.600070683587428988e+00 2.148040824631885226e-01 1.119835003453684141e+00
-2.908966850423383210e+00 -2.558728306436897082e-01 -1.073374987292651017e+00 2.234445003866423640e+00 3.437722460823724902e+00 -4.496251468803881934e+00 5.975738174652950319e-01 -1.072797051227808662e+00 -9.967523613036491925e-01 -6.696245476966228294e-01
2.128916499055389655e-01 1.213507804166629400e+00 -1.353396127166142104e+00 1.518806965759841532e+00 -8.623125535125704122e-01 3.221993850652997149e-01 -2.213508267732073875e+00 -7.822841523698608190e-01 -5.241381421347743874e-01 3.634120617651723228e-01
2.080238678888694177e-08 -3.816553569311618771e-04 -1.204296243651964806e-03 -1.500227508975996820e-05 8.493280168739599222e-06 -3.153643619762425063e-06 4.372178956643506411e-05 7.036604827265912796e-05 1.339421714054472813e-03 1.420838848435537489e-04
4.218183787709681414e-05 -6.745868585425398179e-04 -5.582724726324382429e-04 -1.065168020787606829e-05 -6.686766175626791559e-06 5.077871598901421236e-05 -1.030274774584579171e-04 5.176264511283784422e-06 6.846306383019635676e-04 5.704577983375804136e-04
0.000000000000000000e+00 0.000000000000000000e+00 0.000000000000000000e+00 0.000000000000000000e+00 0.000000000000000000e+00 0.000000000000000000e+00 0.000000000000000000e+00 0.000000000000000000e+00 0.000000000000000000e+00 0.000000000000000000e+00
