# 
#                 ----------------------------------------------------
#                 Data from a 3D direct N-body simulation. 
# 
#                 rows are i-particle; 
#                 coumns are :mass, tag, x ,y, z, vx, vy, vz, ax, ay, az
# 
#                 NTHU, Computational Physics Lab
# 
#                 ----------------------------------------------------
#                 Time = 59.99999999999663
1.000000000000000000e+00 2.000000000000000000e+00 3.000000000000000000e+00 4.000000000000000000e+00 5.000000000000000000e+00 6.000000000000000000e+00 7.000000000000000000e+00 8.000000000000000000e+00 9.000000000000000000e+00 1.000000000000000000e+01
2.000000000000000000e+00 2.000000000000000000e+00 2.000000000000000000e+00 2.000000000000000000e+00 2.000000000000000000e+00 2.000000000000000000e+00 2.000000000000000000e+00 2.000000000000000000e+00 2.000000000000000000e+00 2.000000000000000000e+00
4.709176454890761931e+01 2.059225814867051270e+02 5.776887533842245404e+01 7.679940084284119166e+02 -8.711045678951130640e+02 6.692005081960314783e+01 2.066043041838932481e+01 -2.718758786430092300e+02 2.443442199379946800e+01 1.847452561760602237e+02
-5.034652831403076902e+02 -4.687959697867302822e+01 -1.771958689715598894e+02 3.811962429754531740e+02 5.804848167886375450e+02 -7.738773489418596228e+02 9.580300036065435165e+01 -1.985100614604688474e+02 -1.941626128664239559e+02 -9.337672412188969417e+01
4.689048040355154257e+01 2.269762773639230033e+02 -2.385609364522219096e+02 2.904096958664429735e+02 -1.649746918124674835e+02 6.237430217982366543e+01 -3.990105968901560800e+02 -1.581498882422473571e+02 -8.800775245706437033e+01 5.017176641822437233e+01
2.590181725338886465e-01 1.258681784936400705e+00 2.340216505408713454e-01 4.429786707323454920e+00 -5.140462652231159169e+00 3.941525917407710522e-01 6.177024872435990521e-02 -1.600507007068820542e+00 2.068417192060644505e-01 1.118911713683592879e+00
-2.909228765946276329e+00 -2.516266758546016336e-01 -1.070010371749400724e+00 2.234511119268520307e+00 3.437763992809322211e+00 -4.496566832135003189e+00 5.982139671726816044e-01 -1.072829102599670126e+00 -1.000891406372816705e+00 -6.732221637259490077e-01
2.128916499055389655e-01 1.213507804166629400e+00 -1.353396127166142104e+00 1.518806965759841532e+00 -8.623125535125704122e-01 3.221993850652997149e-01 -2.213508267732073875e+00 -7.822841523698608190e-01 -5.241381421347743874e-01 3.634120617651723228e-01
-4.168384765649830423e-08 -4.224867196665136855e-04 -1.184147028493717779e-03 -1.606725697238708185e-05 9.101901683406383021e-06 -3.374931849866127072e-06 4.714541205197919031e-05 7.538744320992393636e-05 1.328531950752602064e-03 1.659509131322296554e-04
4.517993119755066419e-05 -7.427638153995521492e-04 -5.636499794961609888e-04 -1.140075503229990356e-05 -7.166331981492663341e-06 5.441322406466730130e-05 -1.106861422421272738e-04 5.571481235396145184e-06 7.000041308515394037e-04 6.304982568024796244e-04
0.000000000000000000e+00 0.000000000000000000e+00 0.000000000000000000e+00 0.000000000000000000e+00 0.000000000000000000e+00 0.000000000000000000e+00 0.000000000000000000e+00 0.000000000000000000e+00 0.000000000000000000e+00 0.000000000000000000e+00
