# 
#                 ----------------------------------------------------
#                 Data from a 3D direct N-body simulation. 
# 
#                 rows are i-particle; 
#                 coumns are :mass, tag, x ,y, z, vx, vy, vz, ax, ay, az
# 
#                 NTHU, Computational Physics Lab
# 
#                 ----------------------------------------------------
#                 Time = 67.99999999999788
1.000000000000000000e+00 2.000000000000000000e+00 3.000000000000000000e+00 4.000000000000000000e+00 5.000000000000000000e+00 6.000000000000000000e+00 7.000000000000000000e+00 8.000000000000000000e+00 9.000000000000000000e+00 1.000000000000000000e+01
2.000000000000000000e+00 2.000000000000000000e+00 2.000000000000000000e+00 2.000000000000000000e+00 2.000000000000000000e+00 2.000000000000000000e+00 2.000000000000000000e+00 2.000000000000000000e+00 2.000000000000000000e+00 2.000000000000000000e+00
5.330821062671842014e+01 2.360238742508225300e+02 6.303554511823975304e+01 8.743046539012295852e+02 -9.944732741145157888e+02 7.637882265258423331e+01 2.215522627133256961e+01 -3.102682039822912543e+02 2.978581769978672256e+01 2.116385680438945371e+02
-5.732748646584568633e+02 -5.310809484493180577e+01 -2.030367412603199000e+02 4.348215021678440166e+02 6.629892651399674151e+02 -8.817806194710976797e+02 1.101310964318254264e+02 -2.242565083886647983e+02 -2.179880839457885884e+02 -1.093741376204106643e+02
5.199988000127981280e+01 2.561004646639222528e+02 -2.710424435042108371e+02 3.268610630446763139e+02 -1.856701930967984140e+02 7.010708742140066363e+01 -4.521347953157318216e+02 -1.769247078991392073e+02 -1.005870678682859847e+02 5.889365590059504285e+01
2.590197534639975263e-01 1.250274592446648736e+00 2.043769693509845387e-01 4.429448333631119006e+00 -5.140271198958829224e+00 3.940814236103268864e-01 6.275004972237550882e-02 -1.598921711411025237e+00 2.394991778302577590e-01 1.121912706020540718e+00
-2.908277395713020130e+00 -2.665472071681716515e-01 -1.083367742273967815e+00 2.234270750506909486e+00 3.437613265071002289e+00 -4.495422087446299564e+00 5.958978934199258282e-01 -1.072713399073264462e+00 -9.847172005518005644e-01 -6.606547440588290687e-01
2.128916499055389655e-01 1.213507804166629400e+00 -1.353396127166142104e+00 1.518806965759841532e+00 -8.623125535125704122e-01 3.221993850652997149e-01 -2.213508267732073875e+00 -7.822841523698608190e-01 -5.241381421347743874e-01 3.634120617651723228e-01
1.482960963766757079e-07 -2.915902409169662726e-04 -1.304455102666328501e-03 -1.237292486712307160e-05 6.993371031881011126e-06 -2.605940529576368929e-06 3.543159288719718912e-05 5.797860555143077589e-05 1.416476054565689703e-03 9.399628884741880169e-05
3.478550442609377655e-05 -5.224484437982840476e-04 -5.552458108773824933e-04 -8.799207718110168292e-06 -5.505052065488924462e-06 4.182054607204491891e-05 -8.431844716694113153e-05 4.215474117903477257e-06 6.573550582630703501e-04 4.381403787470941830e-04
0.000000000000000000e+00 0.000000000000000000e+00 0.000000000000000000e+00 0.000000000000000000e+00 0.000000000000000000e+00 0.000000000000000000e+00 0.000000000000000000e+00 0.000000000000000000e+00 0.000000000000000000e+00 0.000000000000000000e+00
