# 
#                 ----------------------------------------------------
#                 Data from a 3D direct N-body simulation. 
# 
#                 rows are i-particle; 
#                 coumns are :mass, tag, x ,y, z, vx, vy, vz, ax, ay, az
# 
#                 NTHU, Computational Physics Lab
# 
#                 ----------------------------------------------------
#                 Time = 11.999999999999789
1.000000000000000000e+00 2.000000000000000000e+00 3.000000000000000000e+00 4.000000000000000000e+00 5.000000000000000000e+00 6.000000000000000000e+00 7.000000000000000000e+00 8.000000000000000000e+00 9.000000000000000000e+00 1.000000000000000000e+01
2.000000000000000000e+00 2.000000000000000000e+00 2.000000000000000000e+00 2.000000000000000000e+00 2.000000000000000000e+00 2.000000000000000000e+00 2.000000000000000000e+00 2.000000000000000000e+00 2.000000000000000000e+00 2.000000000000000000e+00
9.743108313357298655e+00 2.251387708242058139e+01 1.471870091986357743e+01 1.296405033151427517e+02 -1.306081663899145155e+02 1.006957932853400450e+01 1.384375696608212181e+01 -3.920511974980957604e+01 7.725871169575314390e+00 1.816018085564444107e+01
-8.321012542540778156e+01 7.083468701709950688e-01 -3.465872853127225284e+01 5.910448705998069130e+01 8.523415404519280969e+01 -1.247594652909525195e+02 5.664717718919901834e+00 -4.381504153631117049e+01 -3.365130948210952511e+01 -1.126602192025151261e+01
1.623408281715560975e+01 5.223115356392903408e+01 -4.367189414028817396e+01 7.170149279704290279e+01 -4.080168410662560063e+01 1.597759073044245426e+01 -8.026540633670164482e+01 -4.550097030091305328e+01 -1.253185998966608494e+01 -2.159570475968692449e+00
2.618696142401688021e-01 1.316437748632952820e+00 -2.109343692406216442e-01 4.443931234733495828e+00 -5.148954388142333194e+00 3.967293438787549142e-01 -6.263647868283753195e-02 -1.668376611528611830e+00 5.507858427387617439e-01 1.335161019900626078e+00
-2.950455875364422553e+00 -2.440513310661959478e-01 -1.272560515216154764e+00 2.244093094066861305e+00 3.444462904797893632e+00 -4.547336849116724977e+00 7.813486885005879179e-01 -1.081341656457945666e+00 -9.854212716020486207e-01 -6.036391734060276848e-01
2.128916499055389655e-01 1.213507804166629400e+00 -1.353396127166142104e+00 1.518806965759841532e+00 -8.623125535125704122e-01 3.221993850652997149e-01 -2.213508267732073875e+00 -7.822841523698608190e-01 -5.241381421347743874e-01 3.634120617651723228e-01
-2.249342417889210364e-04 -2.280849454852230257e-02 -3.938174162714217635e-02 -5.981751323319534986e-04 3.836854039927545430e-04 -8.641368258441321424e-05 1.863806179112687325e-02 2.973796819979146553e-03 4.082779117900767196e-02 2.764240382633240904e-04
1.789123099227634024e-03 -4.911597611897458235e-03 1.082299179067640685e-02 -3.892716592819504373e-04 -3.030819120331157716e-04 2.293291700770650962e-03 -1.933747936838438319e-02 5.680924433810353048e-04 -1.277366750309087261e-03 1.074529826785026662e-02
0.000000000000000000e+00 0.000000000000000000e+00 0.000000000000000000e+00 0.000000000000000000e+00 0.000000000000000000e+00 0.000000000000000000e+00 0.000000000000000000e+00 0.000000000000000000e+00 0.000000000000000000e+00 0.000000000000000000e+00
