# 
#                 ----------------------------------------------------
#                 Data from a 3D direct N-body simulation. 
# 
#                 rows are i-particle; 
#                 coumns are :mass, tag, x ,y, z, vx, vy, vz, ax, ay, az
# 
#                 NTHU, Computational Physics Lab
# 
#                 ----------------------------------------------------
#                 Time = 100.0
1.000000000000000000e+00 2.000000000000000000e+00 3.000000000000000000e+00 4.000000000000000000e+00 5.000000000000000000e+00 6.000000000000000000e+00 7.000000000000000000e+00 8.000000000000000000e+00 9.000000000000000000e+00 1.000000000000000000e+01
2.000000000000000000e+00 2.000000000000000000e+00 2.000000000000000000e+00 2.000000000000000000e+00 2.000000000000000000e+00 2.000000000000000000e+00 2.000000000000000000e+00 2.000000000000000000e+00 2.000000000000000000e+00 2.000000000000000000e+00
7.817516106970853684e+01 3.550950280892583351e+02 7.312000744899351901e+01 1.299488374801424925e+03 -1.487914870861147847e+03 1.142014976104107546e+02 2.830084455942871813e+01 -4.635621328645400467e+02 6.270347535438406794e+01 3.196064125295496297e+02
-8.523476814224956115e+02 -8.043481707075147824e+01 -3.098947839610370920e+02 6.492806285974799039e+02 9.929809047787238114e+02 -1.313194968279103250e+03 1.670445953049676291e+02 -3.272224745087925157e+02 -3.093191635642876918e+02 -1.713475860890264357e+02
7.243747839221192919e+01 3.725972138641390643e+02 -4.009684717121088511e+02 4.726665317575447034e+02 -2.684521982340442605e+02 1.010382283877092391e+02 -6.646315890179403141e+02 -2.520239865266731840e+02 -1.509043295131500315e+02 9.378121383000397771e+01
2.590431203495328072e-01 1.233086589086449747e+00 -1.304903447619807921e-01 4.428651173448836964e+00 -5.139821803117448518e+00 3.939130422647411645e-01 6.497148185602341641e-02 -1.595195568706747835e+00 5.815799976317423958e-01 1.126389107890311214e+00
-2.906035386817324540e+00 -2.980340552346554817e-01 -1.142698873610470622e+00 2.233702319272973913e+00 3.437259601731238678e+00 -4.492733669214943326e+00 5.905258750500672615e-01 -1.072447709557363460e+00 -9.190527493151148253e-01 -6.344283387578149025e-01
2.128916499055389655e-01 1.213507804166629400e+00 -1.353396127166142104e+00 1.518806965759841532e+00 -8.623125535125704122e-01 3.221993850652997149e-01 -2.213508267732073875e+00 -7.822841523698608190e-01 -5.241381421347743874e-01 3.634120617651723228e-01
2.567465780087873255e-07 -1.121313574376609320e-04 -1.826280705788324230e-02 -5.573078287150774153e-06 3.134248385004662561e-06 -1.180851692432302838e-06 1.514785392355775181e-05 2.602821749562590200e-05 1.831389425429782308e-02 2.323102462046690823e-05
1.568702797179417961e-05 -2.106425442358979185e-04 1.028345595072898896e-03 -3.984660041691831461e-06 -2.465861564438033654e-06 1.876080732850567986e-05 -3.724812576094579898e-05 1.824326439492164184e-06 -9.854104601605005644e-04 1.751338949507832456e-04
0.000000000000000000e+00 0.000000000000000000e+00 0.000000000000000000e+00 0.000000000000000000e+00 0.000000000000000000e+00 0.000000000000000000e+00 0.000000000000000000e+00 0.000000000000000000e+00 0.000000000000000000e+00 0.000000000000000000e+00
