# 
#                 ----------------------------------------------------
#                 Data from a 3D direct N-body simulation. 
# 
#                 rows are i-particle; 
#                 coumns are :mass, tag, x ,y, z, vx, vy, vz, ax, ay, az
# 
#                 NTHU, Computational Physics Lab
# 
#                 ----------------------------------------------------
#                 Time = 42.00000000000021
1.000000000000000000e+00 2.000000000000000000e+00 3.000000000000000000e+00 4.000000000000000000e+00 5.000000000000000000e+00 6.000000000000000000e+00 7.000000000000000000e+00 8.000000000000000000e+00 9.000000000000000000e+00 1.000000000000000000e+01
2.000000000000000000e+00 2.000000000000000000e+00 2.000000000000000000e+00 2.000000000000000000e+00 2.000000000000000000e+00 2.000000000000000000e+00 2.000000000000000000e+00 2.000000000000000000e+00 2.000000000000000000e+00 2.000000000000000000e+00
3.310421658842691528e+01 1.369939554346821922e+02 4.342551109218354100e+01 5.287556472770183973e+02 -5.935026173198239121e+02 4.562955691363193012e+01 1.741512568726547983e+01 -1.853082265598790173e+02 1.523387406660626198e+01 1.248076972628003460e+02
-3.462828511577996551e+02 -3.492578066491020650e+01 -1.202930430118388045e+02 2.605114969131645353e+02 3.948321990051694002e+02 -5.309613257892987122e+02 6.329071048005981481e+01 -1.405667250731041236e+02 -1.389769367115760303e+02 -5.560497250106022449e+01
3.539433130866293453e+01 1.614468559389252675e+02 -1.654775455852467587e+02 2.083941197154179292e+02 -1.184098139227386923e+02 4.497553538630571524e+01 -2.794811504326106615e+02 -1.159065440142406942e+02 -5.970429278180991162e+01 3.054751508289178474e+01
2.590542260392893481e-01 1.306233557206928353e+00 2.978847546678141667e-01 4.431051073776644422e+00 -5.141181870551728039e+00 3.944165708663162073e-01 5.787854172489689808e-02 -1.606446717852133332e+00 1.319799434194935395e-01 1.091469884953345515e+00
-2.912788696478787909e+00 -1.727526204476595717e-01 -1.035832799550845174e+00 2.235404520145545249e+00 3.438330455391632956e+00 -4.500865098708808354e+00 6.071311720188213856e-01 -1.073282575494084456e+00 -1.046235669690543713e+00 -7.428165435349909362e-01
2.128916499055389655e-01 1.213507804166629400e+00 -1.353396127166142104e+00 1.518806965759841532e+00 -8.623125535125704122e-01 3.221993850652997149e-01 -2.213508267732073875e+00 -7.822841523698608190e-01 -5.241381421347743874e-01 3.634120617651723228e-01
-1.820657657531123774e-06 -1.997499451390642115e-03 -1.265575379144232840e-03 -3.412699466960407890e-05 1.950789397101274051e-05 -7.078564116732127144e-06 1.106446045672596372e-04 1.608065112022684416e-04 1.557121686086823924e-03 1.458020351151377266e-03
9.624828413678344170e-05 -3.095679482844629783e-03 -7.578156169246215304e-04 -2.401383452547189491e-05 -1.536941820440251274e-05 1.165314242705143096e-04 -2.476539782886107871e-04 1.279829131309719880e-05 1.074473777480431432e-03 2.840480553586910515e-03
0.000000000000000000e+00 0.000000000000000000e+00 0.000000000000000000e+00 0.000000000000000000e+00 0.000000000000000000e+00 0.000000000000000000e+00 0.000000000000000000e+00 0.000000000000000000e+00 0.000000000000000000e+00 0.000000000000000000e+00
