# 
#                 ----------------------------------------------------
#                 Data from a 3D direct N-body simulation. 
# 
#                 rows are i-particle; 
#                 coumns are :mass, tag, x ,y, z, vx, vy, vz, ax, ay, az
# 
#                 NTHU, Computational Physics Lab
# 
#                 ----------------------------------------------------
#                 Time = 7.999999999999874
1.000000000000000000e+00 2.000000000000000000e+00 3.000000000000000000e+00 4.000000000000000000e+00 5.000000000000000000e+00 6.000000000000000000e+00 7.000000000000000000e+00 8.000000000000000000e+00 9.000000000000000000e+00 1.000000000000000000e+01
2.000000000000000000e+00 2.000000000000000000e+00 2.000000000000000000e+00 2.000000000000000000e+00 2.000000000000000000e+00 2.000000000000000000e+00 2.000000000000000000e+00 2.000000000000000000e+00 2.000000000000000000e+00 2.000000000000000000e+00
-2.320574548692967198e+01 1.079414340723036858e+01 -1.876925387913999543e+01 -1.667751435362060519e+01 -1.633214945145335761e+01 -1.746868402665735331e+01 -1.738809631645749931e+01 -2.074798636124628715e+01 -2.371824195516883194e+01 -1.729951964141483955e+01
-6.580258678597794564e+00 1.115212577878133970e+02 -3.164227280841179546e+00 -7.541890870350204779e+00 -1.548473718210779948e+00 -8.098514754280571992e+00 -8.602882007475672665e+00 -1.500228180992501548e+00 -8.028735654679328704e+00 -6.329123152961673604e+00
5.210661636190397239e+00 2.640807291012352920e+01 -9.295298402598319853e+00 1.455767335088850345e+01 -1.820401975232686453e+01 2.087141606679338679e+01 1.575573848543316480e+01 6.362302065414224828e-01 3.738464064521884289e+00 1.242811191189642095e+01
-3.854025641025610183e-01 3.966718825051520070e-01 -5.009893922348599427e-01 1.955444403751115945e-01 -6.980525098711689580e-01 -1.417415186334530564e+00 -1.379259110049357862e+00 -7.815342588960342285e-01 -1.301770672463194112e+00 -9.622872640214831241e-01
-3.746135214314035289e-01 4.642868670351087523e+00 -2.530120572044959881e-01 -1.255886038989305398e+00 -1.996624559813466870e-01 8.156411158572712816e-01 -3.184432404561274299e-01 3.384948671555479405e-01 -4.975841859184471638e-01 -4.311307830853659540e-01
2.584412586693632941e-01 1.070095268389511078e+00 -3.799048592151971770e-01 5.687768794973090403e-01 -8.019259544661122563e-01 9.103477878219756736e-01 6.620638353675263321e-01 3.507481620608393635e-02 2.258751763254996103e-01 4.630627504380221415e-01
-6.278433148440354383e-02 -2.913392452838984951e-04 -4.148312123907109752e-03 -5.733676170018867646e-01 -3.040050392099265253e-02 3.930520168598306691e-02 3.249338441257653698e-01 5.930583195616399503e-03 2.134883418590064474e-01 8.733413291010264090e-02
-3.788851917078425724e-01 -1.144563398470120966e-03 1.616295797709622114e-03 -2.747067998746018369e-01 -2.327179560113828982e-02 -1.043758373413514878e-02 7.489547989574156794e-01 -1.019930562219668463e-01 4.551155183920652103e-01 -4.152476226090356382e-01
0.000000000000000000e+00 0.000000000000000000e+00 0.000000000000000000e+00 0.000000000000000000e+00 0.000000000000000000e+00 0.000000000000000000e+00 0.000000000000000000e+00 0.000000000000000000e+00 0.000000000000000000e+00 0.000000000000000000e+00
