# 
#                 ----------------------------------------------------
#                 Data from a 3D direct N-body simulation. 
# 
#                 rows are i-particle; 
#                 coumns are :mass, tag, x ,y, z, vx, vy, vz, ax, ay, az
# 
#                 NTHU, Computational Physics Lab
# 
#                 ----------------------------------------------------
#                 Time = 96.00000000001221
1.000000000000000000e+00 2.000000000000000000e+00 3.000000000000000000e+00 4.000000000000000000e+00 5.000000000000000000e+00 6.000000000000000000e+00 7.000000000000000000e+00 8.000000000000000000e+00 9.000000000000000000e+00 1.000000000000000000e+01
2.000000000000000000e+00 2.000000000000000000e+00 2.000000000000000000e+00 2.000000000000000000e+00 2.000000000000000000e+00 2.000000000000000000e+00 2.000000000000000000e+00 2.000000000000000000e+00 2.000000000000000000e+00 2.000000000000000000e+00
7.506666228926562212e+01 3.402896575160149268e+02 7.378769656048451964e+01 1.246344147776041609e+03 -1.426236776968982667e+03 1.094744536247791018e+02 2.752231066726229258e+01 -4.444178583861005905e+02 5.662649348495303059e+01 3.060914951740679726e+02
-8.174740945095686584e+02 -7.687403480105953690e+01 -2.961883269316775795e+02 6.224759055639449343e+02 9.517336068196790393e+02 -1.259280773992918057e+03 1.599555239160386861e+02 -3.143529670823986066e+02 -2.982814156092790085e+02 -1.637214548086921013e+02
6.988277859334839093e+01 3.580351202141574731e+02 -3.847277181861721829e+02 4.544408481684930052e+02 -2.581044475919497359e+02 9.717183576693271618e+01 -6.380694898052469171e+02 -2.426365766982606829e+02 -1.446146718075616491e+02 8.942026908884268721e+01
2.590400000039691508e-01 1.234495738955761590e+00 -2.399198310043034604e-03 4.428720915214247711e+00 -5.139861031035662720e+00 3.939278149052020672e-01 6.478153732589399250e-02 -1.595521087519752301e+00 4.528504344747049104e-01 1.126091273775364554e+00
-2.906231674910866314e+00 -2.953931900990096060e-01 -1.138720551805747494e+00 2.233752171765430283e+00 3.437290466726246496e+00 -4.492968481209333120e+00 5.909922723081543205e-01 -1.072470520769784219e+00 -9.235695774633846389e-01 -6.366236129422435663e-01
2.128916499055389655e-01 1.213507804166629400e+00 -1.353396127166142104e+00 1.518806965759841532e+00 -8.623125535125704122e-01 3.221993850652997149e-01 -2.213508267732073875e+00 -7.822841523698608190e-01 -5.241381421347743874e-01 3.634120617651723228e-01
2.629050776564733498e-07 -1.230076674595941965e-04 -6.601565826281925037e-03 -6.061202138207174530e-06 3.410228051691030848e-06 -1.283495020359524418e-06 1.654220815191272058e-05 2.831570627158823324e-05 6.657038143694404136e-03 2.634899965283299386e-05
1.705748944552586970e-05 -2.299867001421314490e-04 -7.842466958106422302e-04 -4.331620877136636139e-06 -2.683124918692363626e-06 2.041066871073542904e-05 -4.056517010439496127e-05 1.992566385890371094e-06 8.312110873501836125e-04 1.911414999606624206e-04
0.000000000000000000e+00 0.000000000000000000e+00 0.000000000000000000e+00 0.000000000000000000e+00 0.000000000000000000e+00 0.000000000000000000e+00 0.000000000000000000e+00 0.000000000000000000e+00 0.000000000000000000e+00 0.000000000000000000e+00
