# 
#                 ----------------------------------------------------
#                 Data from a 3D direct N-body simulation. 
# 
#                 rows are i-particle; 
#                 coumns are :mass, tag, x ,y, z, vx, vy, vz, ax, ay, az
# 
#                 NTHU, Computational Physics Lab
# 
#                 ----------------------------------------------------
#                 Time = 53.999999999997826
1.000000000000000000e+00 2.000000000000000000e+00 3.000000000000000000e+00 4.000000000000000000e+00 5.000000000000000000e+00 6.000000000000000000e+00 7.000000000000000000e+00 8.000000000000000000e+00 9.000000000000000000e+00 1.000000000000000000e+01
2.000000000000000000e+00 2.000000000000000000e+00 2.000000000000000000e+00 2.000000000000000000e+00 2.000000000000000000e+00 2.000000000000000000e+00 2.000000000000000000e+00 2.000000000000000000e+00 2.000000000000000000e+00 2.000000000000000000e+00
4.242941765377394603e+01 1.831895032703508264e+02 5.336665895652225799e+01 6.882550462029888649e+02 -7.785746523040446618e+02 5.982471620097480525e+01 1.955685047573510005e+01 -2.430536077074547165e+02 2.092611542191403018e+01 1.646369603941719788e+02
-4.510912867644793209e+02 -4.248446874035878551e+01 -1.580283932714622495e+02 3.409730563818539508e+02 5.186038146761212602e+02 -6.929296535944264406e+02 8.501578717309746480e+01 -1.791981622259292237e+02 -1.760299350412602166e+02 -8.114431942528155162e+01
4.305843070525533989e+01 2.051331368889237581e+02 -2.141998061632301926e+02 2.630711704827679682e+02 -1.494530658492192856e+02 5.657471324865101536e+01 -3.591674480709742738e+02 -1.440687734995784695e+02 -7.857326589864815958e+01 4.363034930644636944e+01
2.590212114971288671e-01 1.267747158248449857e+00 2.550214524286890660e-01 4.430109700143909812e+00 -5.140645757419791018e+00 3.942203499317378790e-01 6.081143587076846824e-02 -1.602022500660321258e+00 1.829663287993736065e-01 1.114999112632478528e+00
-2.910137183245095738e+00 -2.358496332436061105e-01 -1.059622854013517079e+00 2.234740058098958482e+00 3.437908165844021369e+00 -4.497661639153845314e+00 6.004501637269971104e-01 -1.072941833262232025e+00 -1.014046672380316760e+00 -6.867089119534215413e-01
2.128916499055389655e-01 1.213507804166629400e+00 -1.353396127166142104e+00 1.518806965759841532e+00 -8.623125535125704122e-01 3.221993850652997149e-01 -2.213508267732073875e+00 -7.822841523698608190e-01 -5.241381421347743874e-01 3.634120617651723228e-01
-3.240476085059824352e-07 -6.028531567303689002e-04 -1.157319268153914407e-03 -2.004236851405107744e-05 1.137894246326052361e-05 -4.198083432910416129e-06 6.024914568533067333e-05 9.414832337677755210e-05 1.335720562677409316e-03 2.832399502369729459e-04
5.638301279287911369e-05 -1.038432061226440958e-03 -5.944527133479394002e-04 -1.419091191485008795e-05 -8.960795107872756459e-06 6.800913330436433814e-05 -1.396840224660065937e-04 7.077524048927930089e-06 7.688947761425034581e-04 8.953560577744349054e-04
0.000000000000000000e+00 0.000000000000000000e+00 0.000000000000000000e+00 0.000000000000000000e+00 0.000000000000000000e+00 0.000000000000000000e+00 0.000000000000000000e+00 0.000000000000000000e+00 0.000000000000000000e+00 0.000000000000000000e+00
