# 
#                 ----------------------------------------------------
#                 Data from a 3D direct N-body simulation. 
# 
#                 rows are i-particle; 
#                 coumns are :mass, tag, x ,y, z, vx, vy, vz, ax, ay, az
# 
#                 NTHU, Computational Physics Lab
# 
#                 ----------------------------------------------------
#                 Time = 40.00000000000061
1.000000000000000000e+00 2.000000000000000000e+00 3.000000000000000000e+00 4.000000000000000000e+00 5.000000000000000000e+00 6.000000000000000000e+00 7.000000000000000000e+00 8.000000000000000000e+00 9.000000000000000000e+00 1.000000000000000000e+01
2.000000000000000000e+00 2.000000000000000000e+00 2.000000000000000000e+00 2.000000000000000000e+00 2.000000000000000000e+00 2.000000000000000000e+00 2.000000000000000000e+00 2.000000000000000000e+00 2.000000000000000000e+00 2.000000000000000000e+00
3.154985556546415637e+01 1.291161235993829166e+02 4.161511681564579845e+01 5.021687038959024107e+02 -5.626551619875639290e+02 4.326292552574672357e+01 1.706992941553441057e+01 -1.756665482140607821e+02 1.447050214932334278e+01 1.182890355349250058e+02
-3.288043221640654679e+02 -3.395099610984603800e+01 -1.140920003158905871e+02 2.470986218138439483e+02 3.742019295741914107e+02 -5.039539593825525117e+02 5.964329090824944046e+01 -1.341267917007485835e+02 -1.326796338051689759e+02 -5.109149645204131929e+01
3.411698140923086697e+01 1.541658091139255191e+02 -1.573571688222495197e+02 1.992812779208595941e+02 -1.132359386016644862e+02 4.304233907591483188e+01 -2.662001008262167261e+02 -1.112128391000177317e+02 -5.655946392900024478e+01 2.836704271230124874e+01
2.590665957498006211e-01 1.320543712333487552e+00 3.056145655093491231e-01 4.431266774821288834e+00 -5.141305230196374865e+00 3.944612377079482757e-01 5.717415844849429302e-02 -1.607461672899187510e+00 1.224170569784267387e-01 1.080615889255123863e+00
-2.913397274690661121e+00 -1.510835397871590491e-01 -1.031138222622482115e+00 2.235556192795304042e+00 3.438427610015694746e+00 -4.501602127245185159e+00 6.087021743743346036e-01 -1.073363291694462873e+00 -1.052943035892017543e+00 -7.627690261293919027e-01
2.128916499055389655e-01 1.213507804166629400e+00 -1.353396127166142104e+00 1.518806965759841532e+00 -8.623125535125704122e-01 3.221993850652997149e-01 -2.213508267732073875e+00 -7.822841523698608190e-01 -5.241381421347743874e-01 3.634120617651723228e-01
-2.322673531756128977e-06 -2.862853437747196837e-03 -1.313070889966669753e-03 -3.787725624992857414e-05 1.995973721760400680e-05 -7.835949632011165013e-06 1.250914370406594391e-04 1.785940691490578089e-04 1.632846577577657656e-03 2.259055549397476562e-03
1.069098822092354222e-04 -4.232405971865565303e-03 -8.089064567444660030e-04 -2.661483505271673239e-05 -1.688156746906384841e-05 1.295361361649302438e-04 -2.777764053710160834e-04 1.441941183973188371e-05 1.164740295543143823e-03 3.941992425301110367e-03
0.000000000000000000e+00 0.000000000000000000e+00 0.000000000000000000e+00 0.000000000000000000e+00 0.000000000000000000e+00 0.000000000000000000e+00 0.000000000000000000e+00 0.000000000000000000e+00 0.000000000000000000e+00 0.000000000000000000e+00
