# 
#                 ----------------------------------------------------
#                 Data from a 3D direct N-body simulation. 
# 
#                 rows are i-particle; 
#                 coumns are :mass, tag, x ,y, z, vx, vy, vz, ax, ay, az
# 
#                 NTHU, Computational Physics Lab
# 
#                 ----------------------------------------------------
#                 Time = 5.9999999999999165
1.000000000000000000e+00 2.000000000000000000e+00 3.000000000000000000e+00 4.000000000000000000e+00 5.000000000000000000e+00 6.000000000000000000e+00 7.000000000000000000e+00 8.000000000000000000e+00 9.000000000000000000e+00 1.000000000000000000e+01 1.100000000000000000e+01 1.200000000000000000e+01 1.300000000000000000e+01 1.400000000000000000e+01 1.500000000000000000e+01 1.600000000000000000e+01 1.700000000000000000e+01 1.800000000000000000e+01 1.900000000000000000e+01 2.000000000000000000e+01 2.100000000000000000e+01 2.200000000000000000e+01 2.300000000000000000e+01 2.400000000000000000e+01 2.500000000000000000e+01 2.600000000000000000e+01 2.700000000000000000e+01 2.800000000000000000e+01 2.900000000000000000e+01 3.000000000000000000e+01 3.100000000000000000e+01 3.200000000000000000e+01 3.300000000000000000e+01 3.400000000000000000e+01 3.500000000000000000e+01 3.600000000000000000e+01 3.700000000000000000e+01 3.800000000000000000e+01 3.900000000000000000e+01 4.000000000000000000e+01 4.100000000000000000e+01 4.200000000000000000e+01 4.300000000000000000e+01 4.400000000000000000e+01 4.500000000000000000e+01 4.600000000000000000e+01 4.700000000000000000e+01 4.800000000000000000e+01 4.900000000000000000e+01 5.000000000000000000e+01 5.100000000000000000e+01 5.200000000000000000e+01 5.300000000000000000e+01 5.400000000000000000e+01 5.500000000000000000e+01 5.600000000000000000e+01 5.700000000000000000e+01 5.800000000000000000e+01 5.900000000000000000e+01 6.000000000000000000e+01 6.100000000000000000e+01 6.200000000000000000e+01 6.300000000000000000e+01 6.400000000000000000e+01 6.500000000000000000e+01 6.600000000000000000e+01 6.700000000000000000e+01 6.800000000000000000e+01 6.900000000000000000e+01 7.000000000000000000e+01 7.100000000000000000e+01 7.200000000000000000e+01 7.300000000000000000e+01 7.400000000000000000e+01 7.500000000000000000e+01 7.600000000000000000e+01 7.700000000000000000e+01 7.800000000000000000e+01 7.900000000000000000e+01 8.000000000000000000e+01 8.100000000000000000e+01 8.200000000000000000e+01 8.300000000000000000e+01 8.400000000000000000e+01 8.500000000000000000e+01 8.600000000000000000e+01 8.700000000000000000e+01 8.800000000000000000e+01 8.900000000000000000e+01 9.000000000000000000e+01 9.100000000000000000e+01 9.200000000000000000e+01 9.300000000000000000e+01 9.400000000000000000e+01 9.500000000000000000e+01 9.600000000000000000e+01 9.700000000000000000e+01 9.800000000000000000e+01 9.900000000000000000e+01 1.000000000000000000e+02
2.000000000000000111e-01 2.000000000000000111e-01 2.000000000000000111e-01 2.000000000000000111e-01 2.000000000000000111e-01 2.000000000000000111e-01 2.000000000000000111e-01 2.000000000000000111e-01 2.000000000000000111e-01 2.000000000000000111e-01 2.000000000000000111e-01 2.000000000000000111e-01 2.000000000000000111e-01 2.000000000000000111e-01 2.000000000000000111e-01 2.000000000000000111e-01 2.000000000000000111e-01 2.000000000000000111e-01 2.000000000000000111e-01 2.000000000000000111e-01 2.000000000000000111e-01 2.000000000000000111e-01 2.000000000000000111e-01 2.000000000000000111e-01 2.000000000000000111e-01 2.000000000000000111e-01 2.000000000000000111e-01 2.000000000000000111e-01 2.000000000000000111e-01 2.000000000000000111e-01 2.000000000000000111e-01 2.000000000000000111e-01 2.000000000000000111e-01 2.000000000000000111e-01 2.000000000000000111e-01 2.000000000000000111e-01 2.000000000000000111e-01 2.000000000000000111e-01 2.000000000000000111e-01 2.000000000000000111e-01 2.000000000000000111e-01 2.000000000000000111e-01 2.000000000000000111e-01 2.000000000000000111e-01 2.000000000000000111e-01 2.000000000000000111e-01 2.000000000000000111e-01 2.000000000000000111e-01 2.000000000000000111e-01 2.000000000000000111e-01 2.000000000000000111e-01 2.000000000000000111e-01 2.000000000000000111e-01 2.000000000000000111e-01 2.000000000000000111e-01 2.000000000000000111e-01 2.000000000000000111e-01 2.000000000000000111e-01 2.000000000000000111e-01 2.000000000000000111e-01 2.000000000000000111e-01 2.000000000000000111e-01 2.000000000000000111e-01 2.000000000000000111e-01 2.000000000000000111e-01 2.000000000000000111e-01 2.000000000000000111e-01 2.000000000000000111e-01 2.000000000000000111e-01 2.000000000000000111e-01 2.000000000000000111e-01 2.000000000000000111e-01 2.000000000000000111e-01 2.000000000000000111e-01 2.000000000000000111e-01 2.000000000000000111e-01 2.000000000000000111e-01 2.000000000000000111e-01 2.000000000000000111e-01 2.000000000000000111e-01 2.000000000000000111e-01 2.000000000000000111e-01 2.000000000000000111e-01 2.000000000000000111e-01 2.000000000000000111e-01 2.000000000000000111e-01 2.000000000000000111e-01 2.000000000000000111e-01 2.000000000000000111e-01 2.000000000000000111e-01 2.000000000000000111e-01 2.000000000000000111e-01 2.000000000000000111e-01 2.000000000000000111e-01 2.000000000000000111e-01 2.000000000000000111e-01 2.000000000000000111e-01 2.000000000000000111e-01 2.000000000000000111e-01 2.000000000000000111e-01
-3.609506598645584763e+00 2.963323523933569703e+01 1.108622171996744576e+01 1.884544321738039940e+01 -1.587056404091755013e+01 1.202895881006551448e+01 4.341163305136689843e+01 2.658385411223884276e+01 7.084164677173117930e+00 3.192419050550966020e+01 -1.637534463472677615e+01 9.624766659189282203e-01 6.080532772993572088e+00 -1.441510011421870274e+01 -1.663238254396035742e+01 1.027352083950441575e+01 2.803335166494610675e+01 -2.172598057506447944e+01 1.568603845424414001e+00 -2.838840625027937747e+01 4.971616943014168122e+00 6.086316276054791530e+00 -1.072896666182509939e+01 4.965319173504720851e+00 -2.739276644117279247e+01 -1.150744077457781955e+01 -5.480101556641004956e-01 -4.084817431781446118e+01 -1.101895514368997375e+01 3.923035902080254544e+01 -2.473304478968109876e+01 5.724875530880731134e+01 1.961702448546550670e+01 -4.182214334692084812e+00 6.439911974808810946e+00 3.286232032211098897e+01 -3.718018786374278761e+01 -3.278838621916067009e+00 -1.724880331483812412e+01 1.024612205454264924e+01 1.217157464476806616e+01 3.311794072327601413e+01 -1.859128779159835432e+01 -1.679347159652586896e+01 -8.580798386851274273e+00 -2.928942857096586305e+00 5.068210024571229155e+01 3.301885059727648297e+01 -1.755634140050599967e+01 -7.508776047625482342e+00 -4.466681466577472115e+00 7.446001383226789727e+00 -2.805181230771428602e+01 -1.602407225662012280e+01 5.826767954012145090e+00 1.744243839718760469e+01 -1.400296978892093769e+01 5.624466577400193756e+01 -4.137226992322166552e+01 -2.196872036022251606e+01 -2.204687081561066719e+01 2.068917899263360027e+01 7.012186532513076109e-01 -2.251863225491454656e+01 8.153007749894360945e-01 -3.724708762028439679e+01 1.995148277314675056e+01 3.536939500393368974e+01 -2.549127332128689361e+01 4.590361842083706989e+01 -7.549860356847778675e+00 1.955774333583836011e+01 8.283499093472908470e+00 -6.797694653697467615e+00 -1.292495491770277782e+00 8.948407687435512514e+00 5.396832370243612331e+01 1.813175970683672844e+01 -3.752932602134205098e+01 -2.933806565433745561e+01 3.617478647134045389e+01 -2.802944539728118301e-01 -9.414279397332443011e+00 -3.980494867366682143e+01 -9.269665793055002823e+00 6.198375489800673321e+00 9.588535462335942228e+00 -7.503680771582002862e+00 4.880541495849780809e+00 -2.332860580309476717e+01 1.094068652239364425e+01 -2.569572794154012385e+01 3.253550864212476768e+01 -2.402077913146515087e+01 1.924695777484932790e+01 -1.798234595212628051e+01 4.085989404531458291e+01 -8.127953454743941819e+00 4.029043383711657711e+00 -1.034055880337270139e+01
-2.376468654423891635e+01 -7.115566744358575058e+00 1.002446337437372748e+01 6.455883004921639134e+00 -1.815910076823658059e+01 -4.232045256851407089e+00 -3.918995202964737956e+01 1.455316063833481266e+01 2.856763434986682171e+01 3.976985240152221657e+00 -1.979334236345952291e+01 -3.870119134628596669e+01 4.359152869323194324e+01 2.085953684746617398e+01 -2.034818646216427496e+01 -3.931665775978484589e+01 1.526671182174496799e+01 -2.184423008854376391e+01 1.505806775811383114e+00 -1.171320363492223393e+01 1.790148184021230549e+01 1.548956432868282107e+01 2.457859526922325699e+01 3.388554794221311539e+01 4.420017993514852606e+01 -1.359657493173800802e+01 1.089401956112914682e+01 -2.100952968018129141e+01 -8.130428423894082712e+00 2.593304524539830425e+01 1.170587531595138620e+00 1.056874623249146161e+01 -5.922006513335794642e-01 -3.436374090431688444e+01 1.272117099813502428e+01 3.260459055522422034e+01 -3.683645441525413133e+01 -1.153331400284464436e+01 -2.572708612370316317e+01 1.769824749047858958e+01 2.710989301202844359e+01 1.100515342395024732e+01 3.039436041391468724e+00 1.099625526163369571e+01 1.733469852766390673e+01 3.263223792778644849e+01 3.343033941724920410e+00 3.062075273852033774e+01 -1.612159469595459882e+01 6.754629858697074773e+00 -6.584073861215661516e+00 -2.843694421150841478e+00 -3.011229661904170296e+00 3.610781473112259476e+01 -1.112602533751899081e+01 2.298988520906148025e+01 2.209843124256485325e+01 -2.651850094842360051e+01 -5.672131479121441444e+00 -3.408936873647206056e+01 2.494313255460019718e+01 6.646838600279939557e-01 -2.604700098502089034e+01 -6.182470476003484805e+01 4.002358956058281336e+01 9.622484438449442276e-03 -2.682647490926965261e+01 -2.179838085620027499e+01 1.300492623602478837e+01 -2.565588050271929887e+01 -2.622973100607551800e+01 -5.427871073991407336e+00 -3.110991834636492470e+01 -1.624901207747087639e+01 -1.951702106191585528e+01 3.949381320157702646e+01 1.637313993194041828e+01 5.918536890757801761e-01 -8.007163859670848538e+00 -2.057092207556439689e+01 -3.896609027003033354e+00 1.409826854019550524e+01 9.100790676809644708e-01 -8.639520859519583595e+00 1.176308396925147548e+01 -4.747110441242124068e+01 -1.588949353501806350e+01 -2.247012210299086021e+01 -2.095155438163457262e+01 -1.617867382039903035e+01 -4.820922154720835806e+01 -7.580795049967861132e+00 2.705637813658501045e+01 -2.948719893353464627e+01 1.644820749050134978e+01 2.129706713099157511e+01 -3.802157404149443920e+01 -1.646719505393341221e+00 -2.025215597720783833e+01 4.070304681627650467e+01
-1.514988235722630918e+02 -7.233903530235687640e+01 -1.015567691168917435e+02 -8.575389189405042600e+01 -1.261651408467616449e+02 -8.064068500145363316e+01 -7.475279386446489127e+01 -7.685519301280088200e+01 -3.938855471572168199e+01 -1.099200649310787981e+02 -1.149906954713114970e+02 -4.884736723815039738e+01 -8.142846345251584239e+01 -7.547510914065584586e+01 -1.480142344308974316e+02 -2.365277883106359624e+01 -9.931257184733587451e+01 -7.984856905584410924e+01 -8.068187447770553433e+01 -4.583944120060602501e+01 -7.501030052460791353e+01 -5.369125550054629059e+01 -6.618674147973308663e+01 -3.663214523956592927e+01 -8.810036237932328262e+00 -7.203254574124053988e+01 -4.103161222189518753e+01 -2.573149096324625518e+01 -5.626655017807618009e+01 -3.886915687357603844e+01 -4.340416931345973239e+01 -5.337381270859381033e+01 -8.365154233113551641e+01 -3.774803819726414389e+01 -4.064456261080525223e+01 -1.268051921248747504e+01 -5.657351464846039590e+01 -2.472652104192772526e+01 -2.007374711500953879e+01 -4.605980739249687161e+01 -2.054328447934508972e+00 -1.346397160473793342e+01 -2.980678387711274624e+01 -1.399343584661028217e+01 -2.967196347477659657e+01 -4.217197682719356244e+00 -7.546537940529156330e-02 1.120524373218814596e+01 6.618509845949622772e-01 -1.994894004272547150e+01 2.037032601905553975e+01 -2.242134474997486304e+00 5.627397460762868953e+00 1.204253043671726608e+01 1.313985741377873850e+01 4.442988390319470682e+01 2.564960022980171672e+01 8.811890484949282509e+00 2.158332303348917947e+01 1.246135227876346008e+00 2.339495827560713082e+01 3.920177702382038376e+01 -7.025387823812457633e+00 1.906498285324852304e+01 1.278601017343263813e+01 2.736617838274565173e+01 2.906173737405366708e+01 5.285669681449221713e+01 2.946085990985555014e+01 1.949903940531870106e+01 5.372155461856982583e+01 1.693590930861839539e+01 3.131980945282420237e+01 5.519305893046109190e+01 7.313662102021154965e+01 4.014257180983504725e+01 6.347102530803849874e+01 8.480418286314839804e+01 4.208316670049834585e+01 7.908091521113337308e+01 6.130265618986177145e+01 4.445040209236972828e+01 8.722024459994887025e+01 8.869729523652175374e+01 6.617935325655686540e+01 8.756041633422695725e+01 6.030291235389864113e+01 8.996155985239846586e+01 8.730597248750761707e+01 1.150883537488346633e+02 1.064812463093418700e+02 1.010799758678549551e+02 1.102409711024135390e+02 1.316000598610634142e+02 6.913064119967914678e+01 1.148161454749369028e+02 9.485148045683340001e+01 1.039388775414241053e+02 7.425529159961526204e+01 2.651104417112030376e+01
-2.502457709212131398e-01 1.649884093341714486e+00 5.904903312774385515e-01 1.148274972396726712e+00 -8.720546901411203589e-01 6.726097100359265113e-01 2.440116458139426570e+00 1.561339965500759153e+00 4.481102732951764978e-01 1.814321627747778054e+00 -9.383323053989393037e-01 1.216026685620855141e-01 3.783344625367714431e-01 -9.288688572092150819e-01 -9.480139058302732291e-01 5.579212956378858390e-01 1.575093676122822473e+00 -1.185627787542951950e+00 9.115176904642059708e-02 -1.509542112943051295e+00 2.977270091071872460e-01 3.116150006472999667e-01 -6.782141292301510083e-01 3.159165975149921257e-01 -1.564975700515367718e+00 -6.711375030474268089e-01 6.584124430473554598e-03 -2.385473958752240442e+00 -6.747629710772037326e-01 2.200549737994475841e+00 -1.463056121756879158e+00 3.286519574777349462e+00 1.005308270999230036e+00 -1.558206992137024793e-01 3.619222864076446222e-01 1.845288153180885571e+00 -2.036771328927128977e+00 -1.557474754748481571e-01 -8.976309400437390007e-01 6.983423672132834659e-01 6.694674297407267050e-01 1.934133762155195280e+00 -1.143584490746723858e+00 -1.011728575932485663e+00 -5.261831158877575687e-01 -1.502043299627137674e-01 2.948495244527103321e+00 1.840418999314881621e+00 -1.005071593095456572e+00 -4.908593613438067549e-01 -2.469916809728362472e-01 4.340031573942692567e-01 -1.536849471893324326e+00 -9.650965464458813869e-01 2.854310643223847976e-01 8.978273519277945036e-01 -7.745060958945612084e-01 3.201079167248459978e+00 -2.456187079228175474e+00 -1.213118844478836333e+00 -1.417469356551529946e+00 1.192551010339085060e+00 6.085848945260886877e-02 -1.274958604805625173e+00 5.559533233307481503e-02 -2.090779575789250444e+00 1.220346184265022726e+00 2.155885412632466025e+00 -1.531700409966692655e+00 2.599648129278373077e+00 -4.395682449079308385e-01 1.078957759173206687e+00 4.420631598052429667e-01 -3.976887222711718017e-01 -5.677904862165656513e-02 4.965317332227073832e-01 3.078798536411498699e+00 1.037042160290498005e+00 -2.126843786833244376e+00 -1.729141530151118822e+00 2.034475139288393297e+00 5.734834450961031477e-02 -4.752897590446513720e-01 -2.313079238374549984e+00 -6.057399309869211379e-01 3.837287379108091923e-01 4.577896358630866858e-01 -4.262200678866460701e-01 2.223409084985297490e-01 -1.351241464124058655e+00 6.051434094695038457e-01 -1.464088764759622574e+00 1.851731033516990310e+00 -1.450672203487440859e+00 9.862544600570908315e-01 -1.052565096756726604e+00 2.207802261243740016e+00 -4.070888463018898507e-01 3.061283316803245502e-01 -5.954832865467546421e-01
-1.410492230425921312e+00 -2.843310797427801018e-01 6.221632230777912609e-01 2.605349412671318921e-01 -1.032302499759694570e+00 -3.133726133749079601e-01 -2.225390462496807054e+00 8.833873491744318462e-01 1.674678368274037377e+00 1.823946979890569975e-01 -1.168591762173654569e+00 -2.182338505536763673e+00 2.465134465427547994e+00 1.134266613890427600e+00 -1.180115364996846994e+00 -2.222557814503558937e+00 8.525272153885141702e-01 -1.312133253279437639e+00 8.549793439992312005e-02 -6.577555760578890354e-01 9.927128795702182540e-01 8.544611820521516021e-01 1.440038843128057966e+00 1.970389228391728365e+00 2.452217012075012192e+00 -8.564279070185174536e-01 6.547694614907481059e-01 -1.236963830369470996e+00 -4.751382799244407429e-01 1.455385689442250108e+00 7.824760264553291822e-02 6.068183277623445671e-01 -3.004209523970803597e-02 -2.039252838991827854e+00 7.204446814708144187e-01 1.829539321207267699e+00 -2.009931155393497537e+00 -6.654679242821759377e-01 -1.491984659239603994e+00 1.184264414954511624e+00 1.531214363618624175e+00 6.316793653595792479e-01 9.106073966683010668e-02 6.176935730831700777e-01 1.108297692520423539e+00 1.856467202942435835e+00 2.094300640337123098e-01 1.744264925428463009e+00 -9.144992425113260825e-01 4.101861177594360863e-01 -4.408994993513628557e-01 -2.327173988192254850e-01 -1.468331846484873526e-01 2.113618030759357502e+00 -7.284970113288231630e-01 1.312659786662692341e+00 1.379055463705497475e+00 -1.469244857046885011e+00 -3.777233312576345758e-01 -1.883522312376134877e+00 1.305706991263686723e+00 1.928805802526379828e-02 -1.463091473812818011e+00 -3.601607064980391293e+00 2.329160400601647751e+00 5.177940990223017098e-02 -1.566329057426270044e+00 -1.251297275900506101e+00 7.925216121798902558e-01 -1.497331384735112181e+00 -1.555566481208016105e+00 -2.171782464048341299e-01 -1.763974281611795369e+00 -1.023843613796582286e+00 -1.149248748793330499e+00 2.317901834920823134e+00 9.289238954172556184e-01 3.343656403678396671e-02 -5.370332788088829634e-01 -1.206676233172687462e+00 -1.703263626412046816e-01 6.939953510942231674e-01 4.860506993257071584e-02 -4.855333777490848934e-01 7.128672501278986440e-01 -2.675190268545352357e+00 -9.035052075842118224e-01 -1.305566501939449120e+00 -1.185888775219486879e+00 -8.916918054639858537e-01 -2.731248533453983551e+00 -5.170779613465681379e-01 1.555194473926668541e+00 -1.709459620620063180e+00 9.434819252324915251e-01 1.196775813367605190e+00 -2.201491828876161350e+00 -9.316051928915544678e-02 -1.087875675180722368e+00 2.203870145641106060e+00
-8.841070073088612702e+00 -4.279516561633776917e+00 -6.199167237193515589e+00 -5.272292023354039792e+00 -7.477267542044285342e+00 -4.898310262960853478e+00 -4.207181060084140611e+00 -4.431493295281850209e+00 -2.764799185420077965e+00 -6.265251894446951297e+00 -6.303669426403094356e+00 -2.840267076091059995e+00 -4.851235902993588311e+00 -4.356626925996070376e+00 -8.376938687061828759e+00 -1.455807116832124715e+00 -5.656287603552335952e+00 -4.733303848973481998e+00 -4.573015856118079370e+00 -2.767169601456822559e+00 -4.225337601031971424e+00 -3.550933712690433453e+00 -3.747992574474031446e+00 -1.909154073686239350e+00 -7.642872445389994329e-01 -4.232977034195796406e+00 -2.449557752308350267e+00 -1.360995801406179595e+00 -3.485959893389243280e+00 -2.166449050906189111e+00 -2.421820686161307634e+00 -3.022136956094918059e+00 -4.500999840539892993e+00 -2.180599666192420738e+00 -2.246769602147254741e+00 -7.166564103850078249e-01 -3.177795304076870941e+00 -1.376521097190650522e+00 -1.211681548205449044e+00 -2.474622349192987958e+00 -1.056194787996740103e-01 -7.877721884118944473e-01 -1.781162417942201870e+00 -8.314159451566466297e-01 -1.544058795805323570e+00 -3.386197974998623184e-01 -2.852188352526088475e-02 6.213206474457514394e-01 2.279601841865033229e-01 -8.267718585778850438e-01 1.086607701507510404e+00 -2.404919671370233381e-01 4.984464049387432594e-01 6.024031808147543021e-01 7.153913043650046433e-01 2.511040857308156404e+00 1.529206900698211635e+00 5.289744878723795507e-01 1.244139260589853357e+00 1.959768678037518419e-01 1.608913044087875166e+00 2.207081184337613688e+00 -2.276068843366561290e-01 1.117186474602905655e+00 6.554632286209243208e-01 1.560848008397022868e+00 1.692036887978060955e+00 3.087857507029486914e+00 1.458010881264786285e+00 1.019496759615970083e+00 2.936518278835186457e+00 1.214050083197884211e+00 1.831142767236949798e+00 3.183737096197177152e+00 4.092161070353955488e+00 2.292646586163940459e+00 3.522857895107695647e+00 4.807681629207753105e+00 2.393064345525672376e+00 4.533367283429947214e+00 3.557117926172321809e+00 2.695123918326820078e+00 5.060777157355124345e+00 5.152814780607920753e+00 4.052750143356574242e+00 4.915856456296455512e+00 3.737613832308336548e+00 5.086492789723769725e+00 4.984418946594084687e+00 6.754966773004261071e+00 6.112475709798074419e+00 5.823057798708397570e+00 6.243999853159428959e+00 7.510641252403522650e+00 4.015219818635339166e+00 6.586001449658995810e+00 5.396804661238440382e+00 6.139378118020768937e+00 4.681186880317041776e+00 1.744444305932996375e+00
4.371494839269094075e-04 -5.049562894568905124e-05 2.409826511334799159e-04 2.128873446671386820e-03 -2.028402790918226262e-04 1.841662587456443286e-03 6.321327712583183715e-04 2.048931189055619613e-03 9.064672484693197651e-04 6.632010270877470659e-04 -7.628200128876835330e-04 5.146216815311549075e-04 2.771861308291268954e-04 -1.905653984833813666e-03 -8.596736009775751935e-05 1.638860624717953650e-04 1.462102194576708107e-04 -1.063826889537404377e-03 2.416374684599724508e-04 -1.009751596766043404e-03 -1.847871156647576158e-04 -1.005337750575846728e-03 1.544780037260803105e-04 -3.102652203725321241e-04 -9.690412734213788752e-04 -1.898306007896939445e-04 3.615685125550891291e-04 -1.431559209490064618e-03 -6.489925305093875415e-04 1.501459260725422282e-03 -2.658145317248861942e-03 1.116799769123792566e-03 -1.008517161541114504e-04 -4.483773740975913039e-04 2.284782084929065041e-03 1.030769153354325071e-03 -8.622276636943220721e-04 8.300016054553700003e-05 -9.731747432967102502e-04 9.905985318131272591e-04 4.860250246560072801e-04 1.238084714231726686e-03 -1.096083234386074868e-03 -2.210929006816648198e-05 -2.067760717437974998e-03 -3.183491339567674154e-05 1.616633636283359033e-03 1.278854414403949365e-03 -8.493645527074553461e-04 -1.103967967312401155e-03 7.261089602464165012e-04 5.275978985177069442e-04 -1.131560800708034803e-03 -1.388662942526540682e-03 -3.225599933879267538e-04 1.602726101123827203e-04 -1.405709625748121933e-03 1.730648902606409531e-03 -3.214820212813414638e-03 -8.656494191779430265e-04 -6.714269990547242894e-04 1.144779189932699191e-03 8.750918872571454544e-05 -4.341111781397075662e-04 2.621319511092932942e-04 -1.102930984373125776e-03 1.529191699062941705e-03 1.339806187240758732e-03 -1.688707170464228248e-03 1.662189422040796360e-04 -6.096966934986744599e-04 1.594952366691518037e-03 5.496239783916157234e-04 -1.251458414694289539e-03 -7.316302364224149977e-04 4.604546532461944487e-04 1.095822353256882282e-03 3.516735400840924038e-04 -1.185631907125242902e-03 -9.534781954163411028e-04 1.143622911175364281e-03 6.818298802133776699e-04 -1.345202709109213609e-04 -1.735492667826373783e-03 -4.758786141187683707e-04 -2.717286133362876261e-04 9.642022684872075594e-04 2.613250274579065769e-04 -3.242408520674613188e-05 -6.393609540712731068e-04 8.370110830761307453e-04 -6.026621405181691602e-04 4.941776508648937144e-04 -5.150124545272318465e-04 7.089685396142971809e-04 -4.962084448178262800e-04 5.637678216885247959e-04 -1.995812784826092590e-04 1.616984412745335869e-03 4.917976522898260833e-05
-7.866500024148306630e-04 4.764474678972386006e-04 4.754935497800019152e-04 4.607952291473053604e-04 6.845202163870604904e-04 -7.106596005003867076e-04 -5.200749247553692126e-04 4.254680896648195413e-04 -2.292468860710631436e-03 -4.581280747597641094e-04 -2.109730098682596582e-03 -1.640114793809101376e-03 1.331323461597947941e-03 -6.212872747329855911e-05 3.753856330866364981e-04 -9.068690663964249594e-04 3.423293258354606584e-04 -1.291178509212267001e-03 -5.906818038813494180e-04 -4.909069549242114743e-04 1.679752450147534984e-03 1.191800618752666963e-03 2.415337300012963730e-03 3.219165455279832458e-03 9.331153491438160582e-04 -9.769039189197674215e-04 -4.180486833381920407e-06 -7.760898584964339786e-04 2.260239198159500786e-05 6.699919073555150395e-04 8.951932392451577214e-05 3.050763307817820559e-04 -1.744482383710806725e-03 -1.441942523598981106e-03 1.316514006479126662e-03 1.562144607494496233e-03 -6.079698663179750181e-04 -6.161201934150840279e-04 -1.350489798949510356e-03 1.061302410771136151e-03 8.637594850088793803e-04 3.399817069543058018e-04 9.614940084317095612e-05 1.338076877946910810e-03 1.442185694161942245e-03 1.243660766606543601e-03 -4.695329682276579104e-05 8.799705006443005314e-04 -9.333128846703401833e-04 2.552535356523363873e-04 -4.572900043521839313e-04 4.788385754495836532e-06 -3.261271725854004012e-04 1.920636594223699848e-03 -1.058033360155870078e-03 1.096580942798760063e-03 1.449747651188077998e-03 -5.739923180589980327e-04 -1.079949927403361107e-03 -1.321872346846582032e-03 1.081730687429350571e-03 -2.192159327705685832e-04 -3.229278601029888650e-04 -1.246526076779154186e-03 1.963429444403855771e-03 2.236528761335972778e-03 -9.861212570063857506e-04 -7.546851186669288787e-04 5.971690077550628013e-04 -4.932148594812957700e-04 -2.104647720242813162e-03 -1.633122436285352444e-04 -1.775091458860552978e-03 1.568298040138372369e-05 4.022588578709358114e-04 1.497826228348702639e-03 3.114330508313223984e-04 2.991352441975809540e-04 -1.035763466942887009e-03 -1.069558752842026100e-03 1.673450994194841516e-04 6.544044086208463925e-04 1.166224445371103705e-03 6.318596281671280375e-05 1.852540614613246216e-04 -9.378132563753642037e-04 1.159676165281150827e-04 -1.144661441546557723e-03 -3.415182231940911577e-04 7.804893429136655495e-04 -1.029323879320349997e-03 -4.631682954670703740e-04 5.457748892367512462e-04 -9.646137437735433128e-04 -1.112560681522730096e-05 7.161943769894404998e-04 -7.443776741908554378e-04 -3.087697322118866335e-04 -1.989433432664080865e-03 9.542985923181967860e-04
-1.571440355557876447e-03 -4.521803160945393751e-03 -3.138232408940973880e-03 -7.820104025380665916e-03 -7.016209328051481410e-04 -5.181287570626923016e-03 -1.233491533272834282e-03 -1.532923463825566334e-03 -1.002172547835229396e-02 -7.911665328281514403e-04 -3.089116818180212288e-05 -2.852795190719288436e-03 -1.323411484280538012e-03 -2.465063697690049807e-03 9.926646953595994177e-04 -3.032249456159781271e-03 1.107970587386284365e-03 -1.427080370443348798e-03 8.565957212389241956e-04 -3.687081727109693240e-03 1.346903965261676351e-03 -3.012728328848324980e-03 1.236314006729291029e-03 1.556141641572753725e-03 -2.475550704148960033e-03 1.502999330275462449e-03 -5.724951118795415170e-03 -1.847359515725293657e-03 8.506759507574512390e-04 -7.196074326494255463e-04 7.836700009904933690e-04 4.095379710566593098e-04 9.274300017503660926e-03 4.153093793591692857e-04 2.572040186822120537e-03 -1.688515895499836852e-03 1.054467701552356911e-03 -1.527089094112359970e-03 -1.753807162439508861e-04 6.850888232096396212e-03 -2.833683899187493596e-03 -2.531086767775094577e-04 6.962837033731999765e-04 -1.277026325703399480e-03 3.283941338066309178e-03 6.237626152051825416e-05 -4.354898922903534253e-04 -6.961754678401414591e-04 -2.127483022561049708e-03 4.585904427575140246e-03 -3.444774839553054954e-03 6.527953894357143216e-04 1.952535204192601718e-04 -1.287213101242083669e-03 -9.455263419005763184e-05 -2.903994704427714096e-03 -4.039035907016860771e-03 -2.225735639337626955e-04 -1.743340378868087634e-03 1.527060382616009628e-03 1.667993344084510443e-03 -1.128293486668997250e-03 3.423581192588162625e-03 5.196256506038091213e-04 2.219212446336606050e-03 2.014583901390073605e-03 -7.422758677373917377e-04 -1.104446589054504640e-03 3.158752673697320934e-03 1.768657362403034316e-03 -2.756600822816809154e-03 3.632854628904233409e-03 2.998442565622125994e-03 9.647175323348083139e-04 -8.498040761701946416e-03 1.217779174063923428e-03 2.685086005001952622e-05 -1.434300508854971729e-03 1.773506390513986380e-03 -1.093571449356854890e-03 1.023930035773459001e-03 2.875024979990601585e-03 -9.186957985903290366e-04 8.338186179392491186e-05 1.419966682109819519e-03 -6.727104581649248649e-05 3.280710460100300790e-03 -2.656671761125524141e-04 2.706063968628178839e-03 -4.683847472358986658e-04 7.632846691917839418e-04 1.575972008643818653e-03 6.830825951760589399e-04 7.946074601386443267e-04 2.904083858267245914e-03 1.064339759289723193e-03 1.645080787383807613e-03 3.070410534020043877e-03 1.041985188573232510e-02 4.876822671732520577e-03
