# 
#                 ----------------------------------------------------
#                 Data from a 3D direct N-body simulation. 
# 
#                 rows are i-particle; 
#                 coumns are :mass, tag, x ,y, z, vx, vy, vz, ax, ay, az
# 
#                 NTHU, Computational Physics Lab
# 
#                 ----------------------------------------------------
#                 Time = 92.00000000001016
1.000000000000000000e+00 2.000000000000000000e+00 3.000000000000000000e+00 4.000000000000000000e+00 5.000000000000000000e+00 6.000000000000000000e+00 7.000000000000000000e+00 8.000000000000000000e+00 9.000000000000000000e+00 1.000000000000000000e+01
2.000000000000000000e+00 2.000000000000000000e+00 2.000000000000000000e+00 2.000000000000000000e+00 2.000000000000000000e+00 2.000000000000000000e+00 2.000000000000000000e+00 2.000000000000000000e+00 2.000000000000000000e+00 2.000000000000000000e+00
7.195820133561805676e+01 3.254665521146741298e+02 7.342294371291681898e+01 1.193199047134140983e+03 -1.364558191564693743e+03 1.047472246472926969e+02 2.674616067453515456e+01 -4.252695050120688052e+02 5.158994377069070225e+01 2.925803914707324225e+02
-7.825980490657084374e+02 -7.334640805651139317e+01 -2.825818789854818647e+02 5.956705582094075453e+02 9.104859221329733145e+02 -1.205363637842958042e+03 1.528606074866521567e+02 -3.014831728644254554e+02 -2.871368938882664565e+02 -1.560677712391981515e+02
6.732807879447572930e+01 3.434730265641238702e+02 -3.684869646601777049e+02 4.362151645793763350e+02 -2.477566969497912055e+02 9.330544314614242296e+01 -6.115073905924590463e+02 -2.332491668698147578e+02 -1.383250141019508419e+02 8.505932434766587846e+01
2.590368212252290858e-01 1.236045903878870256e+00 5.786587047183960886e-02 4.428796904988496763e+00 -5.139903795296539180e+00 3.939439012691158259e-01 6.457374814092750603e-02 -1.595876074120494259e+00 3.918904974931461949e-01 1.125752186306636649e+00
-2.906445503134130082e+00 -2.925020912529042172e-01 -1.129033055474025105e+00 2.233806463749755444e+00 3.437324114051756307e+00 -4.493224417286137751e+00 5.915010125768900284e-01 -1.072495546947505263e+00 -9.338473735742973680e-01 -6.390257092384303839e-01
2.128916499055389655e-01 1.213507804166629400e+00 -1.353396127166142104e+00 1.518806965759841532e+00 -8.623125535125704122e-01 3.221993850652997149e-01 -2.213508267732073875e+00 -7.822841523698608190e-01 -5.241381421347743874e-01 3.634120617651723228e-01
2.664051906895141310e-07 -1.356997933384946459e-04 -3.898424716051228887e-03 -6.616384563950136226e-06 3.724327846471478093e-06 -1.400211419916367440e-06 1.814123675634689300e-05 3.091933530354167291e-05 3.958899562104902653e-03 3.019023817163763866e-05
1.861597286704211456e-05 -2.524600038794637315e-04 -7.921482924485769711e-04 -4.725959962832193323e-06 -2.930418053938092890e-06 2.228822554456514867e-05 -4.434883936808901400e-05 2.184034471617018578e-06 8.437501015776600107e-04 2.097751792520158082e-04
0.000000000000000000e+00 0.000000000000000000e+00 0.000000000000000000e+00 0.000000000000000000e+00 0.000000000000000000e+00 0.000000000000000000e+00 0.000000000000000000e+00 0.000000000000000000e+00 0.000000000000000000e+00 0.000000000000000000e+00
