# 
#                 ----------------------------------------------------
#                 Data from a 3D direct N-body simulation. 
# 
#                 rows are i-particle; 
#                 coumns are :mass, tag, x ,y, z, vx, vy, vz, ax, ay, az
# 
#                 NTHU, Computational Physics Lab
# 
#                 ----------------------------------------------------
#                 Time = 15.999999999999703
1.000000000000000000e+00 2.000000000000000000e+00 3.000000000000000000e+00 4.000000000000000000e+00 5.000000000000000000e+00 6.000000000000000000e+00 7.000000000000000000e+00 8.000000000000000000e+00 9.000000000000000000e+00 1.000000000000000000e+01
2.000000000000000000e+00 2.000000000000000000e+00 2.000000000000000000e+00 2.000000000000000000e+00 2.000000000000000000e+00 2.000000000000000000e+00 2.000000000000000000e+00 2.000000000000000000e+00 2.000000000000000000e+00 2.000000000000000000e+00
1.287450438432304090e+01 3.745079155819820471e+01 1.452041138148286237e+01 1.829338936040998362e+02 -1.923743463830314795e+02 1.482509073278074574e+01 1.372399605057043104e+01 -5.905977054220267775e+01 1.218595227217420174e+01 3.413787946141507490e+01
-1.185147934171115480e+02 -2.782308541894797038e+00 -4.415328293042703933e+01 8.601143829777358008e+01 1.265509108216720335e+02 -1.792002801187446437e+02 1.428275935412236919e+01 -5.676251463988711521e+01 -5.066031418814064580e+01 -1.792387578284700922e+01
1.878878261602400812e+01 6.679324721392853803e+01 -5.991264766628265193e+01 8.992717638615957298e+01 -5.114943474877401286e+01 1.984398335122423163e+01 -1.068275055494895156e+02 -5.488838012935045185e+01 -1.882151769528424268e+01 2.201374265213399184e+00
2.603174454388274550e-01 1.202413750713495100e+00 5.281631890511893079e-01 4.438886839755180169e+00 -5.145801715931271225e+00 3.959251866297277545e-01 1.711181282271783538e-02 -1.643722056844897583e+00 -1.569984930770713383e-01 1.325919965422029279e+00
-2.935434108794759300e+00 -3.417411359335411625e-01 -7.504529122339538283e-01 2.240771039570132128e+00 3.441973709486881638e+00 -4.528479095204933635e+00 6.811972701512069017e-01 -1.077268972084637344e+00 -1.419403049135554928e+00 -5.131351880416843425e-01
2.128916499055389655e-01 1.213507804166629400e+00 -1.353396127166142104e+00 1.518806965759841532e+00 -8.623125535125704122e-01 3.221993850652997149e-01 -2.213508267732073875e+00 -7.822841523698608190e-01 -5.241381421347743874e-01 3.634120617651723228e-01
-7.281796413202404523e-05 -4.578375983130978516e-03 -1.290885868079460347e-02 -2.954481847888379528e-04 1.801115217477198139e-04 -5.131264026748064150e-05 2.518708494260940046e-03 1.424306312298248209e-03 1.477797988977874732e-02 -9.942927649717295431e-04
8.737483391233862029e-04 -8.373714392144146132e-03 -3.701036031013014288e-02 -1.971759573915059802e-04 -1.421387268909466990e-04 1.077585221841413123e-03 -3.850964265034700039e-03 2.001258858249025242e-04 4.098592353618583234e-02 6.436970668615911960e-03
0.000000000000000000e+00 0.000000000000000000e+00 0.000000000000000000e+00 0.000000000000000000e+00 0.000000000000000000e+00 0.000000000000000000e+00 0.000000000000000000e+00 0.000000000000000000e+00 0.000000000000000000e+00 0.000000000000000000e+00
