# 
#                 ----------------------------------------------------
#                 Data from a 3D direct N-body simulation. 
# 
#                 rows are i-particle; 
#                 coumns are :mass, tag, x ,y, z, vx, vy, vz, ax, ay, az
# 
#                 NTHU, Computational Physics Lab
# 
#                 ----------------------------------------------------
#                 Time = 65.99999999999686
1.000000000000000000e+00 2.000000000000000000e+00 3.000000000000000000e+00 4.000000000000000000e+00 5.000000000000000000e+00 6.000000000000000000e+00 7.000000000000000000e+00 8.000000000000000000e+00 9.000000000000000000e+00 1.000000000000000000e+01
2.000000000000000000e+00 2.000000000000000000e+00 2.000000000000000000e+00 2.000000000000000000e+00 2.000000000000000000e+00 2.000000000000000000e+00 2.000000000000000000e+00 2.000000000000000000e+00 2.000000000000000000e+00 2.000000000000000000e+00
5.175409458443429855e+01 2.285168203972270931e+02 6.178602065678344957e+01 8.477277361625140202e+02 -9.636315182091544784e+02 7.401428615510060638e+01 2.177937929844409126e+01 -3.006736064491038860e+02 2.837414615162334997e+01 2.049088611154728881e+02
-5.558245600183081478e+02 -5.151848470428046056e+01 -1.965465357615471191e+02 4.214157157333832515e+02 6.423634842084234151e+02 -8.548073170854756881e+02 1.065541559148106643e+02 -2.178201503049444341e+02 -2.120678963348976538e+02 -1.054020908897818458e+02
5.072253010184774524e+01 2.488194178389222486e+02 -2.629220667412135981e+02 3.177482212501179788e+02 -1.804963177757156814e+02 6.817389111100551702e+01 -4.388537457093378862e+02 -1.722310029849162447e+02 -9.744223901548058109e+01 5.671318353000237522e+01
2.590189628706086045e-01 1.252099350802059252e+00 2.120776255506243713e-01 4.429524912040040618e+00 -5.140314487468807592e+00 3.940975475528522010e-01 6.253016329775205884e-02 -1.599280606024032769e+00 2.311057087059036064e-01 1.121310924017965949e+00
-2.908492690767127353e+00 -2.632846083074421029e-01 -1.080040783104099456e+00 2.234325196594366236e+00 3.437647345556614553e+00 -4.495680978187836629e+00 5.964203591489255496e-01 -1.072739539718411628e+00 -9.886781724226203494e-01 -6.633939967682612737e-01
2.128916499055389655e-01 1.213507804166629400e+00 -1.353396127166142104e+00 1.518806965759841532e+00 -8.623125535125704122e-01 3.221993850652997149e-01 -2.213508267732073875e+00 -7.822841523698608190e-01 -5.241381421347743874e-01 3.634120617651723228e-01
1.140130949708000781e-07 -3.173051961222854433e-04 -1.263718597162737057e-03 -1.316687214469576795e-05 7.445858777152333802e-06 -2.771526709038728744e-06 3.791013819835615498e-05 6.171749883474032512e-05 1.382751074315004877e-03 1.070236089185325212e-04
3.701804198267621640e-05 -5.661414380457981338e-04 -5.540994180037565626e-04 -9.359049854782038725e-06 -5.861524635850713535e-06 4.452320739090349612e-05 -8.993780023096419193e-05 4.503349579155829607e-06 6.634627601814816443e-04 4.758918716369344923e-04
0.000000000000000000e+00 0.000000000000000000e+00 0.000000000000000000e+00 0.000000000000000000e+00 0.000000000000000000e+00 0.000000000000000000e+00 0.000000000000000000e+00 0.000000000000000000e+00 0.000000000000000000e+00 0.000000000000000000e+00
