# 
#                 ----------------------------------------------------
#                 Data from a 3D direct N-body simulation. 
# 
#                 rows are i-particle; 
#                 coumns are :mass, tag, x ,y, z, vx, vy, vz, ax, ay, az
# 
#                 NTHU, Computational Physics Lab
# 
#                 ----------------------------------------------------
#                 Time = 13.999999999999746
1.000000000000000000e+00 2.000000000000000000e+00 3.000000000000000000e+00 4.000000000000000000e+00 5.000000000000000000e+00 6.000000000000000000e+00 7.000000000000000000e+00 8.000000000000000000e+00 9.000000000000000000e+00 1.000000000000000000e+01
2.000000000000000000e+00 2.000000000000000000e+00 2.000000000000000000e+00 2.000000000000000000e+00 2.000000000000000000e+00 2.000000000000000000e+00 2.000000000000000000e+00 2.000000000000000000e+00 2.000000000000000000e+00 2.000000000000000000e+00
1.131105467383285834e+01 3.013815428755093606e+01 1.211057205346478938e+01 1.562946512673276516e+02 -1.614959030393914077e+02 1.244853344376214466e+01 1.367851203069915833e+01 -4.916880662873148111e+01 1.240519524036805521e+01 2.616449335048304903e+01
-1.008846463601262684e+02 -8.852233376346624327e-01 -4.146285792376497170e+01 7.256287530408938835e+01 1.058962010630772852e+02 -1.520076696742337106e+02 1.011148639298933283e+01 -5.029469473020191828e+01 -4.024749544596480177e+01 -1.472648704869469327e+01
1.751143271658980893e+01 5.951220038892878250e+01 -5.179227090328541294e+01 8.081433459160123789e+01 -4.597555942769980675e+01 1.791078704083334827e+01 -9.354645594309558021e+01 -5.019467521513175257e+01 -1.567668884247468597e+01 2.090189462235320789e-02
2.608792131892560540e-01 1.238361269514024254e+00 -8.026600933638303736e-01 4.440968789253726179e+00 -5.147083611963697791e+00 3.962748100700325682e-01 -4.512223894875743921e-03 -1.653807408661403633e+00 1.153793427852507270e+00 1.331822406881900678e+00
-2.941607469574866407e+00 -2.903939301227772551e-01 -3.847847798464900659e-01 2.242152451470291741e+00 3.442985567212100584e+00 -4.536148348866789526e+00 7.122932931607345308e-01 -1.078785792201948590e+00 -1.827452693409717721e+00 -5.531947438006175055e-01
2.128916499055389655e-01 1.213507804166629400e+00 -1.353396127166142104e+00 1.518806965759841532e+00 -8.623125535125704122e-01 3.221993850652997149e-01 -2.213508267732073875e+00 -7.822841523698608190e-01 -5.241381421347743874e-01 3.634120617651723228e-01
-1.212954665636838429e-04 -7.954162468533575517e-03 2.716334918910983109e-01 -4.077312070755784081e-04 2.535927806912213257e-04 -6.618653795565114170e-05 5.204015049706328666e-03 1.987394815783187062e-03 -2.695963476106659207e-01 -9.327712464846853006e-04
1.213205019132393989e-03 -8.658204491762064303e-03 1.213120901922812855e+00 -2.690125370688219294e-04 -2.002118030867286805e-04 1.517201265869779891e-03 -7.053408083088470726e-03 3.183460471873122760e-04 -1.207108674240420010e+00 7.119856900423908105e-03
0.000000000000000000e+00 0.000000000000000000e+00 0.000000000000000000e+00 0.000000000000000000e+00 0.000000000000000000e+00 0.000000000000000000e+00 0.000000000000000000e+00 0.000000000000000000e+00 0.000000000000000000e+00 0.000000000000000000e+00
