# 
#                 ----------------------------------------------------
#                 Data from a 3D direct N-body simulation. 
# 
#                 rows are i-particle; 
#                 coumns are :mass, tag, x ,y, z, vx, vy, vz, ax, ay, az
# 
#                 NTHU, Computational Physics Lab
# 
#                 ----------------------------------------------------
#                 Time = 3.9999999999999587
1.000000000000000000e+00 2.000000000000000000e+00 3.000000000000000000e+00 4.000000000000000000e+00 5.000000000000000000e+00 6.000000000000000000e+00 7.000000000000000000e+00 8.000000000000000000e+00 9.000000000000000000e+00 1.000000000000000000e+01 1.100000000000000000e+01 1.200000000000000000e+01 1.300000000000000000e+01 1.400000000000000000e+01 1.500000000000000000e+01 1.600000000000000000e+01 1.700000000000000000e+01 1.800000000000000000e+01 1.900000000000000000e+01 2.000000000000000000e+01 2.100000000000000000e+01 2.200000000000000000e+01 2.300000000000000000e+01 2.400000000000000000e+01 2.500000000000000000e+01 2.600000000000000000e+01 2.700000000000000000e+01 2.800000000000000000e+01 2.900000000000000000e+01 3.000000000000000000e+01 3.100000000000000000e+01 3.200000000000000000e+01 3.300000000000000000e+01 3.400000000000000000e+01 3.500000000000000000e+01 3.600000000000000000e+01 3.700000000000000000e+01 3.800000000000000000e+01 3.900000000000000000e+01 4.000000000000000000e+01 4.100000000000000000e+01 4.200000000000000000e+01 4.300000000000000000e+01 4.400000000000000000e+01 4.500000000000000000e+01 4.600000000000000000e+01 4.700000000000000000e+01 4.800000000000000000e+01 4.900000000000000000e+01 5.000000000000000000e+01 5.100000000000000000e+01 5.200000000000000000e+01 5.300000000000000000e+01 5.400000000000000000e+01 5.500000000000000000e+01 5.600000000000000000e+01 5.700000000000000000e+01 5.800000000000000000e+01 5.900000000000000000e+01 6.000000000000000000e+01 6.100000000000000000e+01 6.200000000000000000e+01 6.300000000000000000e+01 6.400000000000000000e+01 6.500000000000000000e+01 6.600000000000000000e+01 6.700000000000000000e+01 6.800000000000000000e+01 6.900000000000000000e+01 7.000000000000000000e+01 7.100000000000000000e+01 7.200000000000000000e+01 7.300000000000000000e+01 7.400000000000000000e+01 7.500000000000000000e+01 7.600000000000000000e+01 7.700000000000000000e+01 7.800000000000000000e+01 7.900000000000000000e+01 8.000000000000000000e+01 8.100000000000000000e+01 8.200000000000000000e+01 8.300000000000000000e+01 8.400000000000000000e+01 8.500000000000000000e+01 8.600000000000000000e+01 8.700000000000000000e+01 8.800000000000000000e+01 8.900000000000000000e+01 9.000000000000000000e+01 9.100000000000000000e+01 9.200000000000000000e+01 9.300000000000000000e+01 9.400000000000000000e+01 9.500000000000000000e+01 9.600000000000000000e+01 9.700000000000000000e+01 9.800000000000000000e+01 9.900000000000000000e+01 1.000000000000000000e+02
2.000000000000000111e-01 2.000000000000000111e-01 2.000000000000000111e-01 2.000000000000000111e-01 2.000000000000000111e-01 2.000000000000000111e-01 2.000000000000000111e-01 2.000000000000000111e-01 2.000000000000000111e-01 2.000000000000000111e-01 2.000000000000000111e-01 2.000000000000000111e-01 2.000000000000000111e-01 2.000000000000000111e-01 2.000000000000000111e-01 2.000000000000000111e-01 2.000000000000000111e-01 2.000000000000000111e-01 2.000000000000000111e-01 2.000000000000000111e-01 2.000000000000000111e-01 2.000000000000000111e-01 2.000000000000000111e-01 2.000000000000000111e-01 2.000000000000000111e-01 2.000000000000000111e-01 2.000000000000000111e-01 2.000000000000000111e-01 2.000000000000000111e-01 2.000000000000000111e-01 2.000000000000000111e-01 2.000000000000000111e-01 2.000000000000000111e-01 2.000000000000000111e-01 2.000000000000000111e-01 2.000000000000000111e-01 2.000000000000000111e-01 2.000000000000000111e-01 2.000000000000000111e-01 2.000000000000000111e-01 2.000000000000000111e-01 2.000000000000000111e-01 2.000000000000000111e-01 2.000000000000000111e-01 2.000000000000000111e-01 2.000000000000000111e-01 2.000000000000000111e-01 2.000000000000000111e-01 2.000000000000000111e-01 2.000000000000000111e-01 2.000000000000000111e-01 2.000000000000000111e-01 2.000000000000000111e-01 2.000000000000000111e-01 2.000000000000000111e-01 2.000000000000000111e-01 2.000000000000000111e-01 2.000000000000000111e-01 2.000000000000000111e-01 2.000000000000000111e-01 2.000000000000000111e-01 2.000000000000000111e-01 2.000000000000000111e-01 2.000000000000000111e-01 2.000000000000000111e-01 2.000000000000000111e-01 2.000000000000000111e-01 2.000000000000000111e-01 2.000000000000000111e-01 2.000000000000000111e-01 2.000000000000000111e-01 2.000000000000000111e-01 2.000000000000000111e-01 2.000000000000000111e-01 2.000000000000000111e-01 2.000000000000000111e-01 2.000000000000000111e-01 2.000000000000000111e-01 2.000000000000000111e-01 2.000000000000000111e-01 2.000000000000000111e-01 2.000000000000000111e-01 2.000000000000000111e-01 2.000000000000000111e-01 2.000000000000000111e-01 2.000000000000000111e-01 2.000000000000000111e-01 2.000000000000000111e-01 2.000000000000000111e-01 2.000000000000000111e-01 2.000000000000000111e-01 2.000000000000000111e-01 2.000000000000000111e-01 2.000000000000000111e-01 2.000000000000000111e-01 2.000000000000000111e-01 2.000000000000000111e-01 2.000000000000000111e-01 2.000000000000000111e-01 2.000000000000000111e-01
-2.098771855086057680e+00 1.973398474684807979e+01 7.549745442289424346e+00 1.200682864563622587e+01 -1.064097580068864346e+01 8.037627758278141243e+00 2.878574890212983917e+01 1.726473463081852699e+01 4.404138185053280807e+00 2.105422355305543292e+01 -1.076506476556054004e+01 2.442363989865162233e-01 3.816950738165857171e+00 -8.888415671267217988e+00 -1.094569959376523016e+01 6.930054467762439607e+00 1.858581939958574125e+01 -1.463699930738920685e+01 1.030248559060142677e+00 -1.935504975050434595e+01 3.181036905165148365e+00 4.163161182967045626e+00 -6.654173389498525104e+00 3.074132244550425774e+00 -1.802573444951420356e+01 -7.485780068171316692e+00 -5.714042753868069369e-01 -2.656969827016768448e+01 -6.985096525892972252e+00 2.606277048608604474e+01 -1.601621170618581047e+01 3.755578027725432122e+01 1.357750727087523757e+01 -3.257429135364865225e+00 4.322147991831047698e+00 2.181482351691160559e+01 -2.497943864707156436e+01 -2.341793681699732232e+00 -1.188603481551586150e+01 6.105796634039397652e+00 8.167605528833316697e+00 2.154404830050417274e+01 -1.175807448919400144e+01 -1.072390610382657350e+01 -5.474455342557427606e+00 -2.028648077763023139e+00 3.302918729463875991e+01 2.200654852503562253e+01 -1.154570754008951639e+01 -4.589652727236009255e+00 -2.967771314820128570e+00 4.853804231842380190e+00 -1.885764794563735336e+01 -1.026584547887288679e+01 4.107682044662198884e+00 1.205947609900234951e+01 -9.392032514389995868e+00 3.707842824118896630e+01 -2.671282717381597038e+01 -1.471068598997306331e+01 -1.355587090596595701e+01 1.356120852692992429e+01 3.381740547637774319e-01 -1.487910810512664384e+01 4.876365598195765427e-01 -2.472729416733377050e+01 1.266550425769603905e+01 2.246580612772418561e+01 -1.634136972317903869e+01 3.031033990251224353e+01 -4.927124562911128436e+00 1.312092216562363944e+01 5.643737086734446073e+00 -4.440155131161770186e+00 -9.211352898816137502e-01 5.980061772781751550e+00 3.552128776665983168e+01 1.192178669968772553e+01 -2.479498612386438339e+01 -1.898875628007341376e+01 2.399655305108004200e+01 -6.076770254415273520e-01 -6.566459561909101517e+00 -2.596725988612414682e+01 -5.646492445295270279e+00 3.889210682708806655e+00 6.864108433401895581e+00 -4.940688544549197481e+00 3.546501864230564571e+00 -1.523655222665337838e+01 7.329827204664467466e+00 -1.692408841743001346e+01 2.143706230489272002e+01 -1.532860204759748157e+01 1.334655917181438944e+01 -1.167875783610569940e+01 2.762648927348578454e+01 -5.690309553960413602e+00 2.191642007439776219e+00 -6.766909639004898835e+00
-1.531988429192840329e+01 -5.398817924149523328e+00 6.302976671613053306e+00 4.884219273309789777e+00 -1.193463520539858891e+01 -2.367130965633422068e+00 -2.584974383849065305e+01 9.262729338846183325e+00 1.849330560167377513e+01 2.871983670539012934e+00 -1.284565282127061536e+01 -2.564612951549378295e+01 2.883217326739976372e+01 1.405169494167818023e+01 -1.325958582770573457e+01 -2.600266273903842773e+01 1.015991291700837884e+01 -1.400119409339013110e+01 9.779310563957785973e-01 -7.776625832302175745e+00 1.198405665435577205e+01 1.039439013963083802e+01 1.599669957125997577e+01 2.210980246404142591e+01 2.950888003613825106e+01 -8.481193835350838484e+00 6.967273251936672018e+00 -1.360625874877081642e+01 -5.279782660595492061e+00 1.721665003150141260e+01 7.022326157562835958e-01 6.935012182469552755e+00 -4.346933368197820613e-01 -2.216272262478383936e+01 8.428326383702472668e+00 2.166410490902050867e+01 -2.479090496930186660e+01 -7.554832290650942639e+00 -1.680721093720203285e+01 1.061642678189254241e+01 1.794320219797176108e+01 7.224062238407293890e+00 2.491716880843882098e+00 7.321227450563076111e+00 1.072001253949054522e+01 2.152324312684078578e+01 2.085354491154642442e+00 2.017590009086284297e+01 -1.065618596726436884e+01 4.297174621003550854e+00 -3.949008350341398632e+00 -1.446795721761951370e+00 -2.137322853254980615e+00 2.347100169612366471e+01 -6.779745467091627731e+00 1.513990170388207268e+01 1.386254373041542642e+01 -1.771692856498865609e+01 -3.434846743753658949e+00 -2.282009990238934449e+01 1.712958381753423609e+01 5.446817816379068145e-01 -1.727769516468887190e+01 -4.024444620898124469e+01 2.609512681980986315e+01 -2.448577672313143883e-01 -1.745156836019133451e+01 -1.430891139402382350e+01 8.263834909367631099e+00 -1.668344071882348345e+01 -1.694366067294743772e+01 -4.131079763957052897e+00 -2.056815338248144798e+01 -1.010706590464071830e+01 -1.262539101214204607e+01 2.562148074968867562e+01 1.080713907819592201e+01 3.968825169661430730e-01 -4.809588608207397975e+00 -1.335666148242079743e+01 -2.870560144954918513e+00 9.950905446275614352e+00 6.493689356427966297e-01 -5.725336554173303227e+00 7.489591867130627634e+00 -3.144197433158146993e+01 -1.046677270174154195e+01 -1.466364307615531537e+01 -1.385167891631720671e+01 -1.081104736807709088e+01 -3.184649211276744651e+01 -4.488844302697625466e+00 1.773811024363491384e+01 -1.925268380200380136e+01 1.078733563161612707e+01 1.413348862442734521e+01 -2.483002802719484947e+01 -1.095686050220026964e+00 -1.375598661064026196e+01 2.750378853096510312e+01
-9.849005018328904271e+01 -4.676687376353979886e+01 -6.443871684681531065e+01 -5.430727268811611452e+01 -8.132143936101182646e+01 -5.136219368283628484e+01 -4.953851461955046886e+01 -5.029889150832040912e+01 -2.305556477556837791e+01 -7.234807120784510914e+01 -7.716613967587437628e+01 -3.187342973303830718e+01 -5.235292644004746876e+01 -4.939409306028422719e+01 -9.772898735776402646e+01 -1.498958409839199746e+01 -6.535020988008476195e+01 -5.148275467556581475e+01 -5.322152260082985009e+01 -2.932404250346957397e+01 -4.962426286081851146e+01 -3.249701643731998502e+01 -4.366922246005909614e+01 -2.511652039554580185e+01 -4.283212563736381817e+00 -4.659904696578167460e+01 -2.646515540872713501e+01 -1.760882598344963768e+01 -3.533387591483156598e+01 -2.588615686614630107e+01 -2.885352942696206213e+01 -3.523117072047845966e+01 -5.644244241300150122e+01 -2.465451009472787547e+01 -2.710495673767001179e+01 -8.419992332461223583e+00 -3.748239416108379629e+01 -1.649869897286372833e+01 -1.280920919770831823e+01 -3.102499506036977905e+01 -1.487798477647289230e+00 -8.745049224386091780e+00 -1.909961298323767664e+01 -9.031537029408738704e+00 -2.032717753056732946e+01 -2.183768708319460572e+00 8.507113943528384070e-02 7.460842138016889002e+00 -7.534370366663718510e-01 -1.487656220251624539e+01 1.376928551666862255e+01 -7.857647939994709674e-01 2.642888755863730843e+00 8.393561621551405949e+00 8.843424278641073499e+00 2.929596968946212243e+01 1.638156499994267179e+01 5.633708075376104851e+00 1.407627798788824158e+01 1.067574016809294535e-01 1.378671490831858115e+01 2.593218810050078815e+01 -5.577319631125832622e+00 1.237401282506209022e+01 8.905260851967772950e+00 1.804940934209048109e+01 1.889111355239122503e+01 3.430333010375408520e+01 2.078051696236667567e+01 1.342259029408662840e+01 3.603642919556728685e+01 9.739554991523032612e+00 2.040424818990488376e+01 3.611187103211009486e+01 4.838033061659669443e+01 2.641661799659053145e+01 4.233540678967670345e+01 5.592217522736770974e+01 2.776960914754090837e+01 5.185794082164981234e+01 3.998720363890276985e+01 2.835031126086093778e+01 5.683745817725515082e+01 5.778288543815651934e+01 4.189727920651971971e+01 5.806374894098971140e+01 3.795394805987675113e+01 5.943746569297026383e+01 5.746134493125470755e+01 7.455104537815432764e+01 6.982562539835133464e+01 6.617883131906160088e+01 7.279320973508201575e+01 8.655434097465571597e+01 4.510692275277898489e+01 7.532573400992070844e+01 6.250892433362102452e+01 6.717578428763738430e+01 4.642183458910709959e+01 1.616025033118577170e+01
-2.535768826379987129e-01 1.649567362040475826e+00 5.878093024086007423e-01 1.128147116179750276e+00 -8.714301454903913280e-01 6.556945042910821142e-01 2.434402587813081276e+00 1.542255123050817911e+00 4.480172629911242099e-01 1.808068479011697871e+00 -9.303243842100652472e-01 1.173820305771584166e-01 3.758747349867383458e-01 -9.104724162063220216e-01 -9.476439089156578621e-01 5.563097009281791072e-01 1.574030034669055667e+00 -1.176092903787033572e+00 8.719697173027414483e-02 -1.500287818246049509e+00 2.992912615111489316e-01 3.435147018705689836e-01 -6.807959053991318177e-01 3.112923842845177758e-01 -1.556143916745821754e+00 -6.689746318720574125e-01 -1.260632637931548544e-03 -2.372007041913806180e+00 -6.691835193809810844e-01 2.186784547883048990e+00 -1.439463698405070158e+00 3.276437217448849637e+00 1.009193423413893953e+00 -1.519575898434609440e-01 3.407116010152007046e-01 1.835923082101972081e+00 -2.029179601595486382e+00 -1.568699275897920686e-01 -8.887036601335941421e-01 6.691668561443683272e-01 6.642775583446992593e-01 1.922146802359950168e+00 -1.132217235612200446e+00 -1.011254595958745783e+00 -5.059865167873911496e-01 -1.497723634198549758e-01 2.933753208959096082e+00 1.828695038753439084e+00 -9.974474385248663921e-01 -4.807471479413020221e-01 -2.535316364474306527e-01 4.295521117594716665e-01 -1.526331976104995602e+00 -9.526617038359372902e-01 2.876591826445384359e-01 8.963318444107428729e-01 -7.600931431907655966e-01 3.185615990679083964e+00 -2.425701747521602059e+00 -1.205128109857622309e+00 -1.412367399389833134e+00 1.181891438274670802e+00 6.005886975616273049e-02 -1.270990615865118745e+00 5.314222476749232149e-02 -2.081453648720764438e+00 1.206315699559611820e+00 2.143610468936907765e+00 -1.516008378277773572e+00 2.597781950452428212e+00 -4.337963272853790908e-01 1.064901388938102267e+00 4.372471789247667218e-01 -3.868103971539041397e-01 -7.612107209859422796e-02 4.922624672170001214e-01 3.068883078717548951e+00 1.032283595158227651e+00 -2.116472112936891303e+00 -1.719265700083938198e+00 2.023412396250595879e+00 5.072275887246996406e-02 -4.737486557169996448e-01 -2.297252399172825754e+00 -6.013657520797098810e-01 3.864451407755907786e-01 4.493163436855505677e-01 -4.284007555015045265e-01 2.219310304816356494e-01 -1.345237079866347107e+00 5.973609324349212768e-01 -1.459099811346417752e+00 1.847112799840586073e+00 -1.446121624120569438e+00 9.795891840977992704e-01 -1.048011898063729408e+00 2.202604764849694252e+00 -4.051624952492170473e-01 3.139467545267101700e-01 -5.956551132658532977e-01
-1.403555069663582122e+00 -2.883737904442095212e-01 6.176681127210198463e-01 2.672436683969706683e-01 -1.049245196793509249e+00 -3.075344594683918076e-01 -2.220722439000506920e+00 8.796223145152262113e-01 1.677404973730999060e+00 1.864720284361032765e-01 -1.138871306776697345e+00 -2.167205109447954747e+00 2.452948098117010645e+00 1.135247700143353189e+00 -1.182980374925415301e+00 -2.214295968354143884e+00 8.492208415153669199e-01 -1.300760121412959602e+00 9.145334988413632293e-02 -6.542765374678760626e-01 9.777911798962845014e-01 8.400976370595629739e-01 1.417149446529831325e+00 1.960063296602069460e+00 2.443699153811283775e+00 -8.474111747195789413e-01 6.537320254689958920e-01 -1.229732797455205029e+00 -4.748925896647911427e-01 1.449255565615398700e+00 7.801924692446070286e-02 6.040412825625751658e-01 -2.471796787042112795e-02 -2.025878211522967653e+00 7.096616453470446784e-01 1.815315243534547207e+00 -2.004569429736254182e+00 -6.599986079875713729e-01 -1.479525869438857999e+00 1.176505297011525730e+00 1.523226323566654328e+00 6.281646603598495249e-01 9.144334064345401025e-02 6.056992321106166033e-01 1.094415096164371048e+00 1.844877413051508208e+00 2.098612159760000484e-01 1.736234081608910795e+00 -9.062471711964712462e-01 4.094066952384259328e-01 -4.369906873431590455e-01 -2.330656395331772157e-01 -1.442153769459008639e-01 2.096245718398674462e+00 -7.189675449366290660e-01 1.302623234513816008e+00 1.363201156151185645e+00 -1.463812491861235188e+00 -3.656141983319770583e-01 -1.871107573321787232e+00 1.298922500524203771e+00 2.075537431289131707e-02 -1.459429790812456051e+00 -3.590203434512038605e+00 2.311228773208021003e+00 2.913074211828768981e-02 -1.557425907824175448e+00 -1.244136491348767359e+00 7.870689405626873913e-01 -1.492926096583517603e+00 -1.537718376999650527e+00 -2.143899200438765529e-01 -1.747672163196463346e+00 -1.023136742716935554e+00 -1.145511351826582480e+00 2.304342257511149850e+00 9.260381678205481526e-01 3.129430162985678138e-02 -5.275039779722637823e-01 -1.196686937472425161e+00 -1.718999208153108027e-01 6.874174023388230914e-01 3.650771783047267183e-02 -4.857872317864879164e-01 7.115950317203051378e-01 -2.666705322122436161e+00 -9.039902796654978312e-01 -1.295059328710814528e+00 -1.178765448608544597e+00 -8.983414576658145245e-01 -2.721700283002389753e+00 -5.130867500055265040e-01 1.550216001323756032e+00 -1.700923240315486140e+00 9.434687106387790179e-01 1.190174251169337616e+00 -2.194807757337361664e+00 -8.997191482418785691e-02 -1.079238523062308719e+00 2.194150390875848178e+00
-8.826393128324543369e+00 -4.239237757587264177e+00 -6.168630035447185911e+00 -5.201066348683888840e+00 -7.468230156292409383e+00 -4.857495615408776501e+00 -4.196092167514297699e+00 -4.419752223422682036e+00 -2.667216333319369692e+00 -6.257501220312160939e+00 -6.305957098816735495e+00 -2.813994289086837242e+00 -4.838734360695894132e+00 -4.333768798589308524e+00 -8.386096337503387232e+00 -1.428023857275936503e+00 -5.665487822962894882e+00 -4.720069044766447064e+00 -4.582025762607583097e+00 -2.733130604395089591e+00 -4.239036767485204749e+00 -3.490210887749486179e+00 -3.759548340152610191e+00 -1.932141404585154820e+00 -7.413536111038327991e-01 -4.246798293004607316e+00 -2.399812562983752340e+00 -1.344266541034417450e+00 -3.491770379111322598e+00 -2.160483262936136128e+00 -2.429712318159797935e+00 -3.025982356930397632e+00 -4.574625198227479039e+00 -2.184415739203934947e+00 -2.269578083416600833e+00 -7.015035463840590957e-01 -3.187122569781954073e+00 -1.364388856001813810e+00 -1.209195471310344550e+00 -2.560871927217272859e+00 -7.971205915195173075e-02 -7.847680522362715516e-01 -1.788004074921228925e+00 -8.219128877717098991e-01 -1.576041464980584506e+00 -3.390746699036975564e-01 -2.437555237870547495e-02 6.276985210988158537e-01 2.457026971643698210e-01 -8.712120877513614969e-01 1.118137865728778380e+00 -2.452541075192437858e-01 4.957036244130115232e-01 6.169240345052986463e-01 7.173753643629118271e-01 2.537158098076320645e+00 1.564259896688610318e+00 5.304944978226782126e-01 1.260660032790353435e+00 1.818250423637828850e-01 1.590340588294695268e+00 2.217688714364254299e+00 -2.596704271609107662e-01 1.112481990349188932e+00 6.355759304363847173e-01 1.541935658622426653e+00 1.699353013768619025e+00 3.098118504251938354e+00 1.433250499876676853e+00 1.004060931275089663e+00 2.962276562877102837e+00 1.179547813548716517e+00 1.803390752773088801e+00 3.175868872903234497e+00 4.167770229366842827e+00 2.281045183302411683e+00 3.522320014440214475e+00 4.821366344293921635e+00 2.375837559742376204e+00 4.542188267339904328e+00 3.546555317435271526e+00 2.667676934587386306e+00 5.067594467159080907e+00 5.151773133113981551e+00 4.039131804603565357e+00 4.916464245994159654e+00 3.707987036182881280e+00 5.088303413942577791e+00 4.960695465048954311e+00 6.757764340686013504e+00 6.104950521867568369e+00 5.808643836390144699e+00 6.237737978260370575e+00 7.503725282959839760e+00 3.989161347490897569e+00 6.576100677216253132e+00 5.382086080347876944e+00 6.110776660806953586e+00 4.585988450956987705e+00 1.699211666614382610e+00
6.749269359583526598e-04 2.756006655638756366e-04 7.945910777420284003e-04 5.324496264746685255e-03 7.350217538955874051e-05 3.987879166446304385e-03 1.433819935072193743e-03 4.929049045017668863e-03 -1.696839253748800517e-03 1.632472197948386461e-03 -2.228108487419039503e-03 9.470372477438409242e-04 6.044177255310224104e-04 -4.942001607446651693e-03 3.563547609231180774e-05 4.411825339620829151e-04 1.850772342892212873e-04 -2.377149612211520036e-03 1.408104148805237963e-03 -2.342162901673551859e-03 -3.313203373837002069e-04 -1.745642714475959326e-02 9.681564119457102555e-04 2.692985840426907491e-03 -2.237717118935978432e-03 -6.570476305666036109e-04 2.984755708628320479e-03 -3.536508017161505996e-03 -1.348361182733522935e-03 3.463128905283088723e-03 -5.857221534410619185e-03 2.543099994503228087e-03 -1.448986274392966228e-03 -9.452954414336749546e-04 5.945889920707945857e-03 2.318230464813399259e-03 -1.865136418010447531e-03 4.125112596226633284e-04 -2.285723152607727592e-03 1.585877638192556560e-02 1.501385021145910372e-03 3.062426008989925594e-03 -3.093802018373990360e-03 -2.443970938840066189e-04 -5.510201334055529927e-03 -1.593946606964593334e-04 3.761207489021526750e-03 3.007429304167076340e-03 -1.913996897306800751e-03 -2.608462055627283789e-03 1.643278488734581854e-03 1.058763962276741688e-03 -2.747357542647745066e-03 -3.019452186806955915e-03 -1.998991476627717313e-04 3.518091465703837247e-04 -3.829541394847115181e-03 3.860607464191304159e-03 -7.988115756855504110e-03 -2.023875044650344686e-03 -1.180736581569320634e-03 2.768327283795146785e-03 5.186805388878564177e-04 -1.021355444688173053e-03 6.901257592778125899e-04 -2.133832359388730150e-03 3.633715931899405768e-03 3.096706417960581360e-03 -4.038450360334748870e-03 4.772856307218565058e-04 -1.516179234752378221e-03 3.431456818938492803e-03 1.192501676667556297e-03 -2.496075129214072544e-03 8.595025939094702236e-03 1.136392968891419743e-03 2.505609063385489353e-03 1.068549395858404234e-03 -2.549024515660701633e-03 -2.491292963798694918e-03 2.770419465360836764e-03 1.851414857063928519e-03 -3.322038192559501253e-04 -3.927038025445604708e-03 -1.108364148132877846e-03 -7.460910173717724735e-04 1.770184039085246058e-03 5.514708324507465497e-04 3.331796120844543181e-04 -1.306722353498277270e-03 1.964200465038813161e-03 -1.166633149873779222e-03 1.164618231395879314e-03 -1.003931602394656517e-03 1.559323946702575320e-03 -1.057750255365707843e-03 1.308387444102099111e-03 -4.910276810015510489e-04 -5.734335911357566797e-03 -3.662445454808678578e-05
-1.700923638738606729e-03 9.379435184561962704e-04 1.155767570642009159e-03 -3.271217024067752874e-03 8.880182441965039572e-03 -1.489876647332762701e-03 -1.163555386331302597e-03 8.943213675082562538e-04 3.235774217306009413e-03 -1.007629210568045542e-03 -1.207188651118028602e-02 -3.856316006751340630e-03 3.093526318642694350e-03 -2.906316496245134329e-04 6.169361604393056161e-04 -2.095191435588660347e-03 8.924526212757161615e-04 -2.786543719511545229e-03 -1.618723796308649092e-03 -6.367649675418729591e-04 3.722996404423992677e-03 6.567550614381873625e-03 6.000092368450746748e-03 -1.472363882230681926e-03 2.159087003901769171e-03 -2.313187386072386269e-03 4.488795877840564630e-04 -1.885360792192105738e-03 -1.793256581877759100e-04 1.542695400091165887e-03 -7.361485897439617272e-05 7.063848477331974469e-04 3.517502280544867652e-04 -3.407400358227354129e-03 1.913358908820017275e-03 3.605943001175130214e-03 -1.324158214234484729e-03 -1.566228881603809074e-03 -3.213667593955833214e-03 -4.429364519978763585e-04 2.059922312307358415e-03 1.279600353664890004e-03 -3.390773538586986020e-05 3.041698586033991965e-03 3.721077734647788068e-03 3.001228014634163554e-03 -1.171330508984096103e-04 2.032593276193857355e-03 -2.018352065934353196e-03 -2.559417859834023129e-04 -9.402026434288245516e-04 1.712992844979965867e-04 -5.853599733505231509e-04 4.383786542748149134e-03 -2.299395940779650448e-03 2.545021246808978378e-03 4.654828185354581253e-03 -1.420860895664635259e-03 -3.650115270190706831e-03 -3.185669503500840327e-03 8.015102352430974238e-04 -1.165409771252913566e-04 -1.152454012256024993e-03 -2.931468180774543780e-03 4.426453580095758220e-03 6.421262847312910436e-03 -2.238900415237261073e-03 -1.794596298938298459e-03 1.430436201521566569e-03 -1.074541632559944783e-03 -4.221004965191873029e-03 -9.522297800447352594e-04 -4.165059515480735823e-03 -3.719593498263695265e-04 -2.456187659450506221e-03 3.459711282341165501e-03 7.097402685896132693e-04 4.181133309622304538e-04 -2.534827110685796379e-03 -2.557956202501771546e-03 3.702809567974029836e-04 1.694872762176289358e-03 2.885109674823849429e-03 -4.517977097651420702e-05 1.987978070974236850e-05 -2.016359672775181171e-03 1.844966098102758401e-06 -2.760250253077648798e-03 -2.308183714705802896e-03 1.731382162426873227e-03 -2.088713555001786570e-03 -1.074162522285070911e-03 1.261783757474631241e-03 -2.115852567857695425e-03 -1.804918376368641982e-05 1.636685627228031585e-03 -1.631198293235856106e-03 -9.326628806627647273e-04 -3.438963120914814036e-05 2.802174538958512526e-03
-3.769590144379718864e-03 -9.998470818387878919e-03 -8.261324214646028827e-03 -1.682809819974793661e-02 -3.629149827132654386e-03 -8.963654818877529740e-03 -2.769201706942773199e-03 -2.340201722883430285e-03 -2.139118650240302844e-02 -2.089265564310998410e-03 1.898383898443263594e-03 -6.701649143323661593e-03 -3.275288186391368817e-03 -5.812854405944010289e-03 2.319657716018099555e-03 -7.073623476800865520e-03 2.125684434194185027e-03 -3.388295634981408535e-03 2.504582318225655017e-03 -8.690539481388330836e-03 3.827141163110335184e-03 -3.414632557350176512e-02 3.019704090902890475e-03 3.084012303162790569e-03 -5.903011301221235997e-03 3.509342951182691135e-03 -1.195709321022321407e-02 -4.201695134136155391e-03 1.013846144493625069e-03 -1.428747343713412943e-03 2.189398024813865758e-03 1.021260782719604805e-03 1.526226382267436080e-02 9.965427891290247128e-04 6.064860910516542414e-03 -3.809658156467310951e-03 2.346056715670665534e-03 -3.309653005894905731e-03 -8.336570881552372511e-04 3.704759394925358218e-02 -6.484864075831306418e-03 -4.831598033998388297e-04 1.144477111193339990e-03 -1.893902721177196562e-03 8.751427267947651037e-03 -4.273363253940759717e-06 -1.071799351918122697e-03 -1.627836640764483917e-03 -4.027021130064013799e-03 1.221892917456392745e-02 -8.015940027441471882e-03 9.477011763349583659e-04 9.600226332328628924e-04 -4.533311064551924507e-03 -9.697999726712301562e-04 -6.588189843912810664e-03 -8.198963126554291436e-03 -2.759957367127450242e-04 -4.258566313383427802e-03 3.607094496433048674e-03 5.396524431700162362e-03 -2.398428077895460673e-03 7.430292387105423037e-03 1.137639882812821511e-03 4.993293274236631878e-03 4.998573553029369773e-03 -1.992560645267642261e-03 -2.802015579938178357e-03 5.401437930977329334e-03 3.728701701982945795e-03 -6.728245267129068750e-03 9.122533888408862479e-03 7.190390377999557499e-03 1.779990009650246272e-03 -1.568704350431619418e-02 2.977625033932120371e-03 1.163729291346901185e-05 -3.374361469718078869e-03 4.606097979470799575e-03 -2.295553532951453025e-03 2.670493479664911001e-03 7.016103513675976851e-03 -1.758751707713750905e-03 2.154510677417260413e-04 3.170864618182498047e-03 -3.609762027763918635e-04 5.987042717308127537e-03 -3.283026074557579381e-04 5.971213508195925834e-03 -9.169558959002235875e-04 1.566426007447816989e-03 3.455281786118628677e-03 1.692415941038714249e-03 1.760246752049075174e-03 6.722123141896341018e-03 2.480108226357033343e-03 3.627950021125404389e-03 7.550757856558699792e-03 2.115682227659216805e-02 1.182481416079244826e-02
