# 
#                 ----------------------------------------------------
#                 Data from a 3D direct N-body simulation. 
# 
#                 rows are i-particle; 
#                 coumns are :mass, tag, x ,y, z, vx, vy, vz, ax, ay, az
# 
#                 NTHU, Computational Physics Lab
# 
#                 ----------------------------------------------------
#                 Time = 47.99999999999902
1.000000000000000000e+00 2.000000000000000000e+00 3.000000000000000000e+00 4.000000000000000000e+00 5.000000000000000000e+00 6.000000000000000000e+00 7.000000000000000000e+00 8.000000000000000000e+00 9.000000000000000000e+00 1.000000000000000000e+01
2.000000000000000000e+00 2.000000000000000000e+00 2.000000000000000000e+00 2.000000000000000000e+00 2.000000000000000000e+00 2.000000000000000000e+00 2.000000000000000000e+00 2.000000000000000000e+00 2.000000000000000000e+00 2.000000000000000000e+00
3.776695955354222889e+01 1.602564177941079322e+02 4.858814102593141371e+01 6.085095462046809871e+02 -6.860410257777174365e+02 5.272801210029326313e+01 1.847293129969868630e+01 -2.142006559310855494e+02 1.785138919717010708e+01 1.446244023179877161e+02
-3.986988953494549719e+02 -3.843290091781389606e+01 -1.390542674833794763e+02 3.007452414280479616e+02 4.567198901589395064e+02 -6.119597783059352878e+02 7.418301754945383664e+01 -1.598839595374181215e+02 -1.576474556398382845e+02 -6.861565456142636776e+01
3.922638100695913721e+01 1.832899964139245128e+02 -1.898386758742384757e+02 2.357326450990929345e+02 -1.339314398859710877e+02 5.077512431747836530e+01 -3.193242992517924677e+02 -1.299876587569095818e+02 -6.913877934023194882e+01 3.708893219466836655e+01
2.590312255597267965e-01 1.281445435650131248e+00 2.759821713326602310e-01 4.430518126558466108e+00 -5.140877916744758913e+00 3.943057382394019039e-01 5.956498781085391853e-02 -1.603940519085891747e+00 1.584406579012570815e-01 1.107809199047055770e+00
-2.911286760015765918e+00 -2.126368868923730893e-01 -1.048443506647671608e+00 2.235028850633483000e+00 3.438091021883093124e+00 -4.499048872256175891e+00 6.033171853033927334e-01 -1.073087258113047504e+00 -1.028805357011086663e+00 -7.069118134206573423e-01
2.128916499055389655e-01 1.213507804166629400e+00 -1.353396127166142104e+00 1.518806965759841532e+00 -8.623125535125704122e-01 3.221993850652997149e-01 -2.213508267732073875e+00 -7.822841523698608190e-01 -5.241381421347743874e-01 3.634120617651723228e-01
-8.418394314839197962e-07 -9.684627857829623647e-04 -1.180463302074124697e-03 -2.569653277155782702e-05 1.463136597765192562e-05 -5.361230058456224648e-06 7.974588293885285259e-05 1.208768218908949410e-04 1.405682308178576737e-03 5.598893111326086556e-04
7.235395823863915662e-05 -1.613188785205474634e-03 -6.534110385086148174e-04 -1.814527994637202241e-05 -1.152451806297363052e-05 8.742507591095143157e-05 -1.820483024844517413e-04 9.302888152336880796e-06 8.837983638393469808e-04 1.425437638066612452e-03
0.000000000000000000e+00 0.000000000000000000e+00 0.000000000000000000e+00 0.000000000000000000e+00 0.000000000000000000e+00 0.000000000000000000e+00 0.000000000000000000e+00 0.000000000000000000e+00 0.000000000000000000e+00 0.000000000000000000e+00
