# 
#                 ----------------------------------------------------
#                 Data from a 3D direct N-body simulation. 
# 
#                 rows are i-particle; 
#                 coumns are :mass, tag, x ,y, z, vx, vy, vz, ax, ay, az
# 
#                 NTHU, Computational Physics Lab
# 
#                 ----------------------------------------------------
#                 Time = 55.99999999999743
1.000000000000000000e+00 2.000000000000000000e+00 3.000000000000000000e+00 4.000000000000000000e+00 5.000000000000000000e+00 6.000000000000000000e+00 7.000000000000000000e+00 8.000000000000000000e+00 9.000000000000000000e+00 1.000000000000000000e+01
2.000000000000000000e+00 2.000000000000000000e+00 2.000000000000000000e+00 2.000000000000000000e+00 2.000000000000000000e+00 2.000000000000000000e+00 2.000000000000000000e+00 2.000000000000000000e+00 2.000000000000000000e+00 2.000000000000000000e+00
4.398353981395644752e+01 1.907856127904713333e+02 5.487597763888893354e+01 7.148353533457785716e+02 -8.094183277045652858e+02 6.218996474193640012e+01 1.992277057200319135e+01 -2.526640953148787787e+02 2.204785068202741982e+01 1.713317331521836593e+02
-4.685511223358538473e+02 -4.391748206505485541e+01 -1.643967308799315106e+02 3.543812481012647595e+02 5.392311068741595363e+02 -7.199144324836571514e+02 8.861604689714883420e+01 -1.856356898806689628e+02 -1.821005696368897020e+02 -8.524917296412019141e+01
4.433578060468740745e+01 2.124141837139235065e+02 -2.223201829262274316e+02 2.721840122773263033e+02 -1.546269411703020182e+02 5.850790955904189872e+01 -3.724484976773682092e+02 -1.487624784138014320e+02 -8.171809475145356316e+01 4.581082167703903707e+01
2.590196191595154906e-01 1.264356252129989588e+00 2.480696668292392271e-01 4.429993962082764192e+00 -5.140580129814547483e+00 3.941960947180947472e-01 6.115732729761089170e-02 -1.601479618832026608e+00 1.909492177657861056e-01 1.116545805426989890e+00
-2.909811621672051096e+00 -2.417133386380795890e-01 -1.063149317289763474e+00 2.234658078794762748e+00 3.437856493368114386e+00 -4.497269050424950620e+00 5.996464980381771559e-01 -1.072901249816097025e+00 -1.009518327240078950e+00 -6.816780763170938728e-01
2.128916499055389655e-01 1.213507804166629400e+00 -1.353396127166142104e+00 1.518806965759841532e+00 -8.623125535125704122e-01 3.221993850652997149e-01 -2.213508267732073875e+00 -7.822841523698608190e-01 -5.241381421347743874e-01 3.634120617651723228e-01
-2.106993547456680247e-07 -5.302026246657105596e-04 -1.160835737796876580e-03 -1.856760004190949098e-05 1.053320191835233752e-05 -3.893214035231668208e-06 5.532856549973431601e-05 8.718484578029444437e-05 1.326719908907116529e-03 2.339433537889762436e-04
5.222431136501010291e-05 -9.203830930579630148e-04 -5.815359031527398727e-04 -1.315679365527335652e-05 -8.294249279971885463e-06 6.295964375289412262e-05 -1.288500786534710666e-04 6.513108615579395065e-06 7.417127518583952611e-04 7.888103022075403830e-04
0.000000000000000000e+00 0.000000000000000000e+00 0.000000000000000000e+00 0.000000000000000000e+00 0.000000000000000000e+00 0.000000000000000000e+00 0.000000000000000000e+00 0.000000000000000000e+00 0.000000000000000000e+00 0.000000000000000000e+00
