# 
#                 ----------------------------------------------------
#                 Data from a 3D direct N-body simulation. 
# 
#                 rows are i-particle; 
#                 coumns are :mass, tag, x ,y, z, vx, vy, vz, ax, ay, az
# 
#                 NTHU, Computational Physics Lab
# 
#                 ----------------------------------------------------
#                 Time = 69.9999999999989
1.000000000000000000e+00 2.000000000000000000e+00 3.000000000000000000e+00 4.000000000000000000e+00 5.000000000000000000e+00 6.000000000000000000e+00 7.000000000000000000e+00 8.000000000000000000e+00 9.000000000000000000e+00 1.000000000000000000e+01
2.000000000000000000e+00 2.000000000000000000e+00 2.000000000000000000e+00 2.000000000000000000e+00 2.000000000000000000e+00 2.000000000000000000e+00 2.000000000000000000e+00 2.000000000000000000e+00 2.000000000000000000e+00 2.000000000000000000e+00
5.486233198851079607e+01 2.435204210617601746e+02 6.423808300735696264e+01 9.008811260058231483e+02 -1.025314778168757584e+03 7.874326529311116474e+01 2.253234979857951004e+01 -3.198607143580001662e+02 3.124842836662458367e+01 2.183716702415362931e+02
-5.907239164314578375e+02 -5.471652925061103900e+01 -2.095469421636548759e+02 4.482269716847056884e+02 6.836148477987431988e+02 -9.087524156008752243e+02 1.137050012122139435e+02 -2.306927148861900321e+02 -2.238846362939063113e+02 -1.133303958765988284e+02
5.327722990071188036e+01 2.633815114889390543e+02 -2.791628202672080761e+02 3.359739048392346490e+02 -1.908440684178811466e+02 7.204028373179581024e+01 -4.654158449221257570e+02 -1.816184128133621698e+02 -1.037318967210913883e+02 6.107412827118771048e+01
2.590207299629652682e-01 1.248593974066955159e+00 1.964062354782847575e-01 4.429376305271935266e+00 -5.140230496963443585e+00 3.940662491104465204e-01 6.295575219733824668e-02 -1.598584600263512234e+00 2.481079887673590390e-01 1.122444630327050996e+00
-2.908074893274884332e+00 -2.695643351166687740e-01 -1.086708129953618096e+00 2.234219514011551500e+00 3.437581225952187403e+00 -4.495178679856698167e+00 5.954081505482343717e-01 -1.072688844195873070e+00 -9.807915244452406478e-01 -6.581272599206541285e-01
2.128916499055389655e-01 1.213507804166629400e+00 -1.353396127166142104e+00 1.518806965759841532e+00 -8.623125535125704122e-01 3.221993850652997149e-01 -2.213508267732073875e+00 -7.822841523698608190e-01 -5.241381421347743874e-01 3.634120617651723228e-01
1.761873556108573764e-07 -2.691478787476051350e-04 -1.353945889589286194e-03 -1.164865144501603508e-05 6.580916806059881144e-06 -2.454732745022231720e-06 3.318958210861534884e-05 5.456909105139427405e-05 1.459545774525423207e-03 8.313560067982572700e-05
3.274948040480565886e-05 -4.841412874142083170e-04 -5.585825976505844710e-04 -8.288117959342042841e-06 -5.180136962988013746e-06 3.935684109878205414e-05 -7.921482471431209155e-05 3.954542099642521432e-06 6.541288828348669742e-04 4.052172182633377215e-04
0.000000000000000000e+00 0.000000000000000000e+00 0.000000000000000000e+00 0.000000000000000000e+00 0.000000000000000000e+00 0.000000000000000000e+00 0.000000000000000000e+00 0.000000000000000000e+00 0.000000000000000000e+00 0.000000000000000000e+00
