# 
#                 ----------------------------------------------------
#                 Data from a 3D direct N-body simulation. 
# 
#                 rows are i-particle; 
#                 coumns are :mass, tag, x ,y, z, vx, vy, vz, ax, ay, az
# 
#                 NTHU, Computational Physics Lab
# 
#                 ----------------------------------------------------
#                 Time = 51.999999999998224
1.000000000000000000e+00 2.000000000000000000e+00 3.000000000000000000e+00 4.000000000000000000e+00 5.000000000000000000e+00 6.000000000000000000e+00 7.000000000000000000e+00 8.000000000000000000e+00 9.000000000000000000e+00 1.000000000000000000e+01
2.000000000000000000e+00 2.000000000000000000e+00 2.000000000000000000e+00 2.000000000000000000e+00 2.000000000000000000e+00 2.000000000000000000e+00 2.000000000000000000e+00 2.000000000000000000e+00 2.000000000000000000e+00 2.000000000000000000e+00
4.087528375217404886e+01 1.755716353928189619e+02 5.181566051310836940e+01 6.616740171736353204e+02 -7.477305671945922541e+02 5.745931632369271824e+01 1.919309518674236870e+01 -2.334397344777812293e+02 1.985230389090802916e+01 1.579524408888055689e+02
-4.336294198503404687e+02 -4.108892380045183756e+01 -1.516814650847128121e+02 3.275643535511608775e+02 4.979761998230482050e+02 -6.659424265055885144e+02 8.141050329615892167e+01 -1.727603813651105611e+02 -1.699317168748459608e+02 -7.700721034160356737e+01
4.178108080582327233e+01 1.978520900639240097e+02 -2.060794294002329536e+02 2.539583286882096047e+02 -1.442791905281365530e+02 5.464151693826013201e+01 -3.458863984645803384e+02 -1.393750685853555069e+02 -7.542843704584275599e+01 4.144987693585370181e+01
2.590235569781303426e-01 1.271626852307477407e+00 2.619683603208791678e-01 4.430234779760125363e+00 -5.140716792857384476e+00 3.942465529341705466e-01 6.043511705168579107e-02 -1.602609092336300556e+00 1.749508757356701694e-01 1.113111182313977432e+00
-2.910489210380485137e+00 -2.291968056394417530e-01 -1.056009940770811228e+00 2.234828581515060808e+00 3.437964114310827490e+00 -4.498085805612527466e+00 6.013221849288107324e-01 -1.072985860185831752e+00 -1.018727663601849853e+00 -6.924569382158156650e-01
2.128916499055389655e-01 1.213507804166629400e+00 -1.353396127166142104e+00 1.518806965759841532e+00 -8.623125535125704122e-01 3.221993850652997149e-01 -2.213508267732073875e+00 -7.822841523698608190e-01 -5.241381421347743874e-01 3.634120617651723228e-01
-4.626892233505651355e-07 -6.941812973774277905e-04 -1.159237816761167191e-03 -2.169994008361544164e-05 1.233081958833351083e-05 -4.540010440816283443e-06 6.586160268128935370e-05 1.019791443782893200e-04 1.351558355087793036e-03 3.483918321506724041e-04
6.106061235182898088e-05 -1.184934030223009759e-03 -6.104186439057074495e-04 -1.535183402823184933e-05 -9.711046998233632317e-06 7.369193406630001112e-05 -1.519674578093064730e-04 7.719844344458603227e-06 8.010662805471078065e-04 1.028844341654793762e-03
0.000000000000000000e+00 0.000000000000000000e+00 0.000000000000000000e+00 0.000000000000000000e+00 0.000000000000000000e+00 0.000000000000000000e+00 0.000000000000000000e+00 0.000000000000000000e+00 0.000000000000000000e+00 0.000000000000000000e+00
