# 
#                 ----------------------------------------------------
#                 Data from a 3D direct N-body simulation. 
# 
#                 rows are i-particle; 
#                 coumns are :mass, tag, x ,y, z, vx, vy, vz, ax, ay, az
# 
#                 NTHU, Computational Physics Lab
# 
#                 ----------------------------------------------------
#                 Time = 38.00000000000101
1.000000000000000000e+00 2.000000000000000000e+00 3.000000000000000000e+00 4.000000000000000000e+00 5.000000000000000000e+00 6.000000000000000000e+00 7.000000000000000000e+00 8.000000000000000000e+00 9.000000000000000000e+00 1.000000000000000000e+01
2.000000000000000000e+00 2.000000000000000000e+00 2.000000000000000000e+00 2.000000000000000000e+00 2.000000000000000000e+00 2.000000000000000000e+00 2.000000000000000000e+00 2.000000000000000000e+00 2.000000000000000000e+00 2.000000000000000000e+00
2.999541053082993258e+01 1.211326403716454791e+02 3.975741257758025426e+01 4.755803949790198999e+02 -5.318069249419376092e+02 4.089601172126553763e+01 1.672923980173210268e+01 -1.660184378620085681e+02 1.376596944448802695e+01 1.118544114456036880e+02
-3.113219387809867840e+02 -3.313143045018908595e+01 -1.079201150071201312e+02 2.336847872459474047e+02 3.535710441995420865e+02 -4.769419230300139816e+02 5.598586295608471630e+01 -1.276863408039764920e+02 -1.263403492681915594e+02 -4.643328839580213696e+01
3.283963150979879941e+01 1.468847622889257707e+02 -1.492367920592522808e+02 1.901684361263012590e+02 -1.080620632805902801e+02 4.110914276552394853e+01 -2.529190512198227907e+02 -1.065191341857947691e+02 -5.341463507619057793e+01 2.618657034171071274e+01
2.590823563976594746e-01 1.342338567187385978e+00 3.136673698119400444e-01 4.431506864359072040e+00 -5.141442803412484608e+00 3.945108313101500785e-01 5.637287782803232505e-02 -1.608594111238416557e+00 1.123499946525997328e-01 1.062597936376378893e+00
-2.914075258534426283e+00 -1.200448623058233827e-01 -1.026101947918289348e+00 2.235724760425460644e+00 3.438536024820771697e+00 -4.502423921755486447e+00 6.104735937204438523e-01 -1.073455472231404917e+00 -1.060248812268804519e+00 -7.919948629123522155e-01
2.128916499055389655e-01 1.213507804166629400e+00 -1.353396127166142104e+00 1.518806965759841532e+00 -8.623125535125704122e-01 3.221993850652997149e-01 -2.213508267732073875e+00 -7.822841523698608190e-01 -5.241381421347743874e-01 3.634120617651723228e-01
-2.957009134882390765e-06 -4.649834878323198285e-03 -1.373751477788106266e-03 -4.228090205208806323e-05 2.425263008185901323e-05 -8.720068875459265095e-06 1.426139881333272083e-04 1.994972557638125855e-04 1.725774554958742820e-03 3.985405907235992085e-03
1.194549950075317156e-04 -6.371515618227128683e-03 -8.723142284826547899e-04 -2.966190622962000458e-05 -1.911120313061681977e-05 1.448490568353718937e-04 -3.138799951107449802e-04 1.637329107496428266e-05 1.274603787243930439e-03 6.051201821018968065e-03
0.000000000000000000e+00 0.000000000000000000e+00 0.000000000000000000e+00 0.000000000000000000e+00 0.000000000000000000e+00 0.000000000000000000e+00 0.000000000000000000e+00 0.000000000000000000e+00 0.000000000000000000e+00 0.000000000000000000e+00
