# 
#                 ----------------------------------------------------
#                 Data from a 3D direct N-body simulation. 
# 
#                 rows are i-particle; 
#                 coumns are :mass, tag, x ,y, z, vx, vy, vz, ax, ay, az
# 
#                 NTHU, Computational Physics Lab
# 
#                 ----------------------------------------------------
#                 Time = 45.99999999999942
1.000000000000000000e+00 2.000000000000000000e+00 3.000000000000000000e+00 4.000000000000000000e+00 5.000000000000000000e+00 6.000000000000000000e+00 7.000000000000000000e+00 8.000000000000000000e+00 9.000000000000000000e+00 1.000000000000000000e+01
2.000000000000000000e+00 2.000000000000000000e+00 2.000000000000000000e+00 2.000000000000000000e+00 2.000000000000000000e+00 2.000000000000000000e+00 2.000000000000000000e+00 2.000000000000000000e+00 2.000000000000000000e+00 2.000000000000000000e+00
3.621275555388822198e+01 1.525490945500289115e+02 4.691085278200293374e+01 5.819259600741301028e+02 -6.551954865221350701e+02 5.036207804451979797e+01 1.811702439850822088e+01 -2.045747698365981080e+02 1.692631736882096050e+01 1.379885897149491711e+02
-3.812298304603150427e+02 -3.718797412115082324e+01 -1.327755498881532219e+02 2.873347313530218230e+02 4.360911299538466324e+02 -5.849638610787632160e+02 7.055972976396977003e+01 -1.534452640778966099e+02 -1.514583901950611846e+02 -6.434686131197656778e+01
3.794903110752706965e+01 1.760089495889247644e+02 -1.817182991112412367e+02 2.266198033045345994e+02 -1.287575645648883551e+02 4.884192800708748194e+01 -3.060432496453985323e+02 -1.252939538426866193e+02 -6.599395048742654524e+01 3.490845982407569892e+01
2.590370227139148218e-01 1.287867624010337497e+00 2.831223318222231278e-01 4.430679405475165034e+00 -5.140969764829670829e+00 3.943393739672751419e-01 5.906217955326895086e-02 -1.604698560875834623e+00 1.498907840366640876e-01 1.103951983517384994e+00
-2.911740972762561608e+00 -2.020301335501790141e-01 -1.044440652972337569e+00 2.235142675257182354e+00 3.438163372947820484e+00 -4.499597738327974383e+00 6.044623336850168949e-01 -1.073145459328351370e+00 -1.034261093043592039e+00 -7.163208033186485579e-01
2.128916499055389655e-01 1.213507804166629400e+00 -1.353396127166142104e+00 1.518806965759841532e+00 -8.623125535125704122e-01 3.221993850652997149e-01 -2.213508267732073875e+00 -7.822841523698608190e-01 -5.241381421347743874e-01 3.634120617651723228e-01
-1.100152796082032963e-06 -1.185162479967692348e-03 -1.200806469414668820e-03 -2.812177838359587739e-05 1.603102256755676379e-05 -5.857350425743475628e-06 8.841144727917056058e-05 1.323549656344345012e-04 1.445529486912030311e-03 7.387213085945902201e-04
7.921768339863662805e-05 -1.940328136465943858e-03 -6.818099161263527479e-04 -1.983673248343245050e-05 -1.262797273034293232e-05 9.577961081109811754e-05 -2.006222146911171430e-04 1.028694944641117492e-05 9.367132183375830815e-04 1.733227510503460413e-03
0.000000000000000000e+00 0.000000000000000000e+00 0.000000000000000000e+00 0.000000000000000000e+00 0.000000000000000000e+00 0.000000000000000000e+00 0.000000000000000000e+00 0.000000000000000000e+00 0.000000000000000000e+00 0.000000000000000000e+00
