# 
#                 ----------------------------------------------------
#                 Data from a 3D direct N-body simulation. 
# 
#                 rows are i-particle; 
#                 coumns are :mass, tag, x ,y, z, vx, vy, vz, ax, ay, az
# 
#                 NTHU, Computational Physics Lab
# 
#                 ----------------------------------------------------
#                 Time = 57.99999999999703
1.000000000000000000e+00 2.000000000000000000e+00 3.000000000000000000e+00 4.000000000000000000e+00 5.000000000000000000e+00 6.000000000000000000e+00 7.000000000000000000e+00 8.000000000000000000e+00 9.000000000000000000e+00 1.000000000000000000e+01
2.000000000000000000e+00 2.000000000000000000e+00 2.000000000000000000e+00 2.000000000000000000e+00 2.000000000000000000e+00 2.000000000000000000e+00 2.000000000000000000e+00 2.000000000000000000e+00 2.000000000000000000e+00 2.000000000000000000e+00
4.553765432761665721e+01 1.983625942731274847e+02 5.634349009599797853e+01 7.414149915849560557e+02 -8.402616239241742733e+02 6.455507298799827254e+01 2.029068193309270285e+01 -2.622714453117271205e+02 2.321729192628301419e+01 1.780349553737110853e+02
-4.860090764995679820e+02 -4.538369235927785184e+01 -1.707860119462616240e+02 3.677889658495686263e+02 5.598581005100314769e+02 -7.468969434537495999e+02 9.221167141580882287e+01 -1.920729839309535976e+02 -1.881445351410930584e+02 -8.932561066478901068e+01
4.561313050411947501e+01 2.196952305389232549e+02 -2.304405596892246706e+02 2.812968540718846384e+02 -1.598008164913847509e+02 6.044110586943278207e+01 -3.857295472837621446e+02 -1.534561833280243945e+02 -8.486292360425896675e+01 4.799129404763170470e+01
2.590186432097718039e-01 1.261358170726374128e+00 2.410805942061717833e-01 4.429886589417680653e+00 -5.140519253324606908e+00 3.941735623654373799e-01 6.147598939514280214e-02 -1.600975650360520364e+00 1.988859189275594130e-01 1.117828326968939745e+00
-2.909509642147042108e+00 -2.469353475604892378e-01 -1.066606617359410647e+00 2.234581968579645306e+00 3.437808558668447922e+00 -4.496905134337954024e+00 5.989031582046573376e-01 -1.072863811811746615e+00 -1.005146254391635630e+00 -6.772135631900139119e-01
2.128916499055389655e-01 1.213507804166629400e+00 -1.353396127166142104e+00 1.518806965759841532e+00 -8.623125535125704122e-01 3.221993850652997149e-01 -2.213508267732073875e+00 -7.822841523698608190e-01 -5.241381421347743874e-01 3.634120617651723228e-01
-1.178445365190920104e-07 -4.712116746547939162e-04 -1.169742922340479907e-03 -1.724972273187709898e-05 9.778382641334167495e-06 -3.620258478768733041e-06 5.099021163149550885e-05 8.096529529560605044e-05 1.324338018040012183e-03 1.958705151339906194e-04
4.851039246966715900e-05 -8.235032165113708499e-04 -5.713470308939620204e-04 -1.223167116716104155e-05 -7.699404116875107463e-06 5.845269593546574490e-05 -1.192442534789145739e-04 6.014394540916789985e-06 7.189078366823828479e-04 7.021402565398510718e-04
0.000000000000000000e+00 0.000000000000000000e+00 0.000000000000000000e+00 0.000000000000000000e+00 0.000000000000000000e+00 0.000000000000000000e+00 0.000000000000000000e+00 0.000000000000000000e+00 0.000000000000000000e+00 0.000000000000000000e+00
