# 
#                 ----------------------------------------------------
#                 Data from a 3D direct N-body simulation. 
# 
#                 rows are i-particle; 
#                 coumns are :mass, tag, x ,y, z, vx, vy, vz, ax, ay, az
# 
#                 NTHU, Computational Physics Lab
# 
#                 ----------------------------------------------------
#                 Time = 49.99999999999862
1.000000000000000000e+00 2.000000000000000000e+00 3.000000000000000000e+00 4.000000000000000000e+00 5.000000000000000000e+00 6.000000000000000000e+00 7.000000000000000000e+00 8.000000000000000000e+00 9.000000000000000000e+00 1.000000000000000000e+01
2.000000000000000000e+00 2.000000000000000000e+00 2.000000000000000000e+00 2.000000000000000000e+00 2.000000000000000000e+00 2.000000000000000000e+00 2.000000000000000000e+00 2.000000000000000000e+00 2.000000000000000000e+00 2.000000000000000000e+00
3.932113309992484318e+01 1.679286984766810349e+02 5.022291254749469402e+01 6.350922063602571370e+02 -7.168860379385262149e+02 5.509375292585438899e+01 1.883170955282498937e+01 -2.238221911179122117e+02 1.882709124957671420e+01 1.512805172188229221e+02
-4.161653529298605463e+02 -3.973615374430290359e+01 -1.453565224241321232e+02 3.141550976521866687e+02 4.773482351748684209e+02 -6.389525457935013719e+02 7.779975026241037028e+01 -1.663223228882212368e+02 -1.638046941554502780e+02 -7.283305418190667524e+01
4.050373090639120477e+01 1.905710432389242612e+02 -1.979590526372357147e+02 2.448454868936512696e+02 -1.391053152070538204e+02 5.270832062786924865e+01 -3.326053488581864030e+02 -1.346813636711325444e+02 -7.228360819303735241e+01 3.926940456526103418e+01
2.590268248405738771e-01 1.276128777471538189e+00 2.689435697098405686e-01 4.430370469576115688e+00 -5.140793886865531626e+00 3.942749153729491751e-01 6.002085595624918196e-02 -1.603246485738879290e+00 1.667767402693256240e-01 1.110777336825519601e+00
-2.910871077659305417e+00 -2.215537204721750586e-01 -1.052291033778687268e+00 2.234924533638470656e+00 3.438024837528191657e+00 -4.498546756240960676e+00 6.022745568902205804e-01 -1.073034369089921114e+00 -1.023642434080339392e+00 -6.990857292187411254e-01
2.128916499055389655e-01 1.213507804166629400e+00 -1.353396127166142104e+00 1.518806965759841532e+00 -8.623125535125704122e-01 3.221993850652997149e-01 -2.213508267732073875e+00 -7.822841523698608190e-01 -5.241381421347743874e-01 3.634120617651723228e-01
-6.326960209467738920e-07 -8.119026264202147247e-04 -1.166816167919225607e-03 -2.357180429333608615e-05 1.340737079457964189e-05 -4.925206501514997357e-06 7.230288533256619659e-05 1.108273430674077624e-04 1.374662468125375939e-03 4.366484338353085904e-04
6.634733859804514396e-05 -1.370814576679753576e-03 -6.298753214467434731e-04 -1.666115780221228833e-05 -1.055963208376443209e-05 8.011863433905611672e-05 -1.659745723137728639e-04 8.455267291170021749e-06 8.390252132330321133e-04 1.199938806864942918e-03
0.000000000000000000e+00 0.000000000000000000e+00 0.000000000000000000e+00 0.000000000000000000e+00 0.000000000000000000e+00 0.000000000000000000e+00 0.000000000000000000e+00 0.000000000000000000e+00 0.000000000000000000e+00 0.000000000000000000e+00
