# 
#                 ----------------------------------------------------
#                 Data from a 3D direct N-body simulation. 
# 
#                 rows are i-particle; 
#                 coumns are :mass, tag, x ,y, z, vx, vy, vz, ax, ay, az
# 
#                 NTHU, Computational Physics Lab
# 
#                 ----------------------------------------------------
#                 Time = 36.00000000000141
1.000000000000000000e+00 2.000000000000000000e+00 3.000000000000000000e+00 4.000000000000000000e+00 5.000000000000000000e+00 6.000000000000000000e+00 7.000000000000000000e+00 8.000000000000000000e+00 9.000000000000000000e+00 1.000000000000000000e+01
2.000000000000000000e+00 2.000000000000000000e+00 2.000000000000000000e+00 2.000000000000000000e+00 2.000000000000000000e+00 2.000000000000000000e+00 2.000000000000000000e+00 2.000000000000000000e+00 2.000000000000000000e+00 2.000000000000000000e+00
2.844085852696753491e+01 1.129731783238288330e+02 3.785020345994389857e+01 4.489905615138023904e+02 -5.009578133555514228e+02 3.852878352714239441e+01 1.639369647730863733e+01 -1.563631340020913854e+02 1.312363609349000981e+01 1.055718183205052725e+02
-2.938352479677784572e+02 -3.254942941371990628e+01 -1.017796824296831915e+02 2.202698831924679155e+02 3.329394696797236293e+02 -4.499246634714553466e+02 5.231711248740930387e+01 -1.212452991977873182e+02 -1.199551057954031705e+02 -4.154906356907709863e+01
3.156228161036600000e+01 1.396037154639260223e+02 -1.411164152962550418e+02 1.810555943317429239e+02 -1.028881879595160740e+02 3.917594645513306517e+01 -2.396380016134288553e+02 -1.018254292715718066e+02 -5.026980622338091109e+01 2.400609797112017674e+01
2.591024177157096320e-01 1.382286980049953096e+00 3.221321554297875145e-01 4.431775723195145567e+00 -5.141597160716429471e+00 3.945661806465184385e-01 5.545470575659058182e-02 -1.609862863398383581e+00 1.016645619161085645e-01 1.026867256159990527e+00
-2.914835302944907891e+00 -6.901477437576294949e-02 -1.020638153548311333e+00 2.235913208206463665e+00 3.438657679861352179e+00 -4.503345914772775238e+00 6.124833575144583708e-01 -1.073560369667077019e+00 -1.068287777015509477e+00 -8.409832006655827419e-01
2.128916499055389655e-01 1.213507804166629400e+00 -1.353396127166142104e+00 1.518806965759841532e+00 -8.623125535125704122e-01 3.221993850652997149e-01 -2.213508267732073875e+00 -7.822841523698608190e-01 -5.241381421347743874e-01 3.634120617651723228e-01
-3.764339508364047414e-06 -9.701236596986536828e-03 -1.451107864104557530e-03 -4.749912325603330987e-05 2.730244427628938266e-05 -9.760346227854086658e-06 1.641758886573621535e-04 2.242871479879819381e-04 1.840278306417002111e-03 8.957324482744711408e-03
1.343582259602615187e-04 -1.153189857794502393e-02 -9.522991402366401013e-04 -3.326300067988253832e-05 -2.151661384830600273e-05 1.630516121439917407e-04 -3.576718505075574461e-04 1.875650566135111718e-05 1.410122452290311955e-03 1.117036038716149454e-02
0.000000000000000000e+00 0.000000000000000000e+00 0.000000000000000000e+00 0.000000000000000000e+00 0.000000000000000000e+00 0.000000000000000000e+00 0.000000000000000000e+00 0.000000000000000000e+00 0.000000000000000000e+00 0.000000000000000000e+00
