# 
#                 ----------------------------------------------------
#                 Data from a 3D direct N-body simulation. 
# 
#                 rows are i-particle; 
#                 coumns are :mass, tag, x ,y, z, vx, vy, vz, ax, ay, az
# 
#                 NTHU, Computational Physics Lab
# 
#                 ----------------------------------------------------
#                 Time = 18.000000000000014
1.000000000000000000e+00 2.000000000000000000e+00 3.000000000000000000e+00 4.000000000000000000e+00 5.000000000000000000e+00 6.000000000000000000e+00 7.000000000000000000e+00 8.000000000000000000e+00 9.000000000000000000e+00 1.000000000000000000e+01
2.000000000000000000e+00 2.000000000000000000e+00 2.000000000000000000e+00 2.000000000000000000e+00 2.000000000000000000e+00 2.000000000000000000e+00 2.000000000000000000e+00 2.000000000000000000e+00 2.000000000000000000e+00 2.000000000000000000e+00
1.443526710783555345e+01 4.459363184028297411e+01 1.749720583930147910e+01 2.095623806507954896e+02 -2.232462241217446035e+02 1.719978829728831116e+01 1.386455706642098029e+01 -6.889887170500209379e+01 1.146801017061193484e+01 4.207596463918483920e+01
-1.361131319134987336e+02 -4.980867279403037529e+00 -4.909103604471720672e+01 9.945282829005401481e+01 1.472004390202770878e+02 -2.063536104742077555e+02 1.831044767650207561e+01 -6.322298445383592025e+01 -5.867827484701573582e+01 -2.088806893955060318e+01
2.006613251545820731e+01 7.407429403892828645e+01 -6.803302442927989091e+01 9.904001818071790808e+01 -5.632331006984821897e+01 2.177717966161511498e+01 -1.201085551558834510e+02 -5.958208504356915114e+01 -2.196634654809390952e+01 4.381846635804468093e+00
2.599603468929414518e-01 1.180011347061944438e+00 4.697230197807271135e-01 4.437344284706737696e+00 -5.144868017230320056e+00 3.956507630691781241e-01 2.875641780400750580e-02 -1.636313042129624806e+00 -8.822169622129891198e-02 1.320175498134589454e+00
-2.930886732803582806e+00 -3.908473339740156649e-01 -8.720757526740449128e-01 2.239736790676588818e+00 3.441236967789109258e+00 -4.522893385047971115e+00 6.626902686623791228e-01 -1.076283613040082798e+00 -1.277865317066285922e+00 -4.749450719334498139e-01
2.128916499055389655e-01 1.213507804166629400e+00 -1.353396127166142104e+00 1.518806965759841532e+00 -8.623125535125704122e-01 3.221993850652997149e-01 -2.213508267732073875e+00 -7.822841523698608190e-01 -5.241381421347743874e-01 3.634120617651723228e-01
-4.848329925721753394e-05 -3.046083723305227121e-03 -7.243149073766614286e-03 -2.238038724397951428e-04 1.345237381946937127e-04 -4.073629534858772016e-05 1.498849258931470897e-03 1.072325493666592472e-03 8.283811263673454897e-03 -9.195559867811563129e-04
6.573038959624454350e-04 -8.031097959996725405e-03 -1.139413398197935447e-02 -1.507684117060378772e-04 -1.061323142624337094e-04 8.046562547443414544e-04 -2.481737618595272581e-03 1.347730982225317574e-04 1.354874030843466332e-02 6.361024945983399966e-03
0.000000000000000000e+00 0.000000000000000000e+00 0.000000000000000000e+00 0.000000000000000000e+00 0.000000000000000000e+00 0.000000000000000000e+00 0.000000000000000000e+00 0.000000000000000000e+00 0.000000000000000000e+00 0.000000000000000000e+00
