# 
#                 ----------------------------------------------------
#                 Data from a 3D direct N-body simulation. 
# 
#                 rows are i-particle; 
#                 coumns are :mass, tag, x ,y, z, vx, vy, vz, ax, ay, az
# 
#                 NTHU, Computational Physics Lab
# 
#                 ----------------------------------------------------
#                 Time = 26.000000000001265
1.000000000000000000e+00 2.000000000000000000e+00 3.000000000000000000e+00 4.000000000000000000e+00 5.000000000000000000e+00 6.000000000000000000e+00 7.000000000000000000e+00 8.000000000000000000e+00 9.000000000000000000e+00 1.000000000000000000e+01
2.000000000000000000e+00 2.000000000000000000e+00 2.000000000000000000e+00 2.000000000000000000e+00 2.000000000000000000e+00 2.000000000000000000e+00 2.000000000000000000e+00 2.000000000000000000e+00 2.000000000000000000e+00 2.000000000000000000e+00
2.066511515429180079e+01 7.236163988302146777e+01 2.744080330876518659e+01 3.160103701065190762e+02 -3.466943534241088400e+02 2.668632136338481331e+01 1.482916268748545718e+01 -1.079401315166470710e+02 1.103346775112255607e+01 7.349014978434617262e+01
-2.063137623464210719e+02 -1.673594668309701561e+01 -7.168889993199931610e+01 1.531737193196182147e+02 2.297674858114889105e+02 -3.147314342709479433e+02 3.373273871198932738e+01 -8.902739947846171731e+01 -8.711218584602609383e+01 -3.028544569869407255e+01
2.517553211319500406e+01 1.031984813389272801e+02 -1.005145314812688468e+02 1.354913853589512485e+02 -7.701881135414504342e+01 2.950996490317864840e+01 -1.732327535814591783e+02 -7.835690470045699385e+01 -3.454566195933257688e+01 1.310373611816749673e+01
2.593266376317280297e-01 1.145876821142311597e+00 3.761545585666088987e-01 4.433810355820567040e+00 -5.142775506031521005e+00 3.949773884294834336e-01 4.764769284338613020e-02 -1.619480640831904239e+00 3.159533705834037531e-02 1.294972055197801675e+00
-2.920626379762188307e+00 -5.997597194098408524e-01 -9.804540947945341589e-01 2.237327812324640952e+00 3.439586578809081363e+00 -4.510384697250358066e+00 6.286977330042416989e-01 -1.074423907480858587e+00 -1.128938383028911696e+00 -2.935862833659811377e-01
2.128916499055389655e-01 1.213507804166629400e+00 -1.353396127166142104e+00 1.518806965759841532e+00 -8.623125535125704122e-01 3.221993850652997149e-01 -2.213508267732073875e+00 -7.822841523698608190e-01 -5.241381421347743874e-01 3.634120617651723228e-01
-1.340064562230129446e-05 1.812640955132548484e-04 -2.361092137542376325e-03 -9.687175150932940426e-05 5.654864880275898295e-05 -1.921066517384832840e-05 4.145447847510444549e-04 4.595758227616584353e-04 3.111070771542438947e-03 -1.732428923523299984e-03
2.777035640427203203e-04 -1.109058111593554281e-02 -2.010596510042243160e-03 -6.685331586369453946e-05 -4.458688241250359762e-05 3.378239488732767259e-04 -8.191649861042778159e-04 4.440167049603885524e-05 3.032660318433000844e-03 1.033919330851322711e-02
0.000000000000000000e+00 0.000000000000000000e+00 0.000000000000000000e+00 0.000000000000000000e+00 0.000000000000000000e+00 0.000000000000000000e+00 0.000000000000000000e+00 0.000000000000000000e+00 0.000000000000000000e+00 0.000000000000000000e+00
