# 
#                 ----------------------------------------------------
#                 Data from a 3D direct N-body simulation. 
# 
#                 rows are i-particle; 
#                 coumns are :mass, tag, x ,y, z, vx, vy, vz, ax, ay, az
# 
#                 NTHU, Computational Physics Lab
# 
#                 ----------------------------------------------------
#                 Time = 86.00000000000709
1.000000000000000000e+00 2.000000000000000000e+00 3.000000000000000000e+00 4.000000000000000000e+00 5.000000000000000000e+00 6.000000000000000000e+00 7.000000000000000000e+00 8.000000000000000000e+00 9.000000000000000000e+00 1.000000000000000000e+01
2.000000000000000000e+00 2.000000000000000000e+00 2.000000000000000000e+00 2.000000000000000000e+00 2.000000000000000000e+00 2.000000000000000000e+00 2.000000000000000000e+00 2.000000000000000000e+00 2.000000000000000000e+00 2.000000000000000000e+00
6.729558178257924794e+01 3.031945440045337250e+02 7.184957572436090345e+01 1.113479579824367420e+03 -1.272039291011333944e+03 9.765599678933820371e+01 2.558692013656527919e+01 -3.965384888074027572e+02 4.507795182518851362e+01 2.723221353470268582e+02
-7.302788705879394229e+02 -6.812438365769337167e+01 -2.623818100098930586e+02 5.554612399366843647e+02 8.486135905888390880e+02 -1.124481814822480601e+03 1.422060580689514211e+02 -2.821778823850048070e+02 -2.701963278003400433e+02 -1.445295665605464990e+02
6.349602909616842084e+01 3.216298860890734659e+02 -3.441258343711859879e+02 4.088766391957013298e+02 -2.322350709865430076e+02 8.750585421495698313e+01 -5.716642417732772401e+02 -2.191680521271458701e+02 -1.288905275435346311e+02 7.851790723590066534e+01
2.590320248533835579e-01 1.238690476756283410e+00 1.126116577184983480e-01 4.428924573501180184e+00 -5.139975677520416397e+00 3.939709158889868612e-01 6.422239807514340537e-02 -1.596472461489921946e+00 3.359800463136904947e-01 1.125141744416871203e+00
-2.906804658217669424e+00 -2.876018433248154205e-01 -1.115749440737397347e+00 2.233897615832490580e+00 3.437380676970941185e+00 -4.493654557406410177e+00 5.923572764829978521e-01 -1.072537639953094812e+00 -9.481313317700369447e-01 -6.430976283047653563e-01
2.128916499055389655e-01 1.213507804166629400e+00 -1.353396127166142104e+00 1.518806965759841532e+00 -8.623125535125704122e-01 3.221993850652997149e-01 -2.213508267732073875e+00 -7.822841523698608190e-01 -5.241381421347743874e-01 3.634120617651723228e-01
2.649315567641034556e-07 -1.591652541946080826e-04 -2.427549182585687221e-03 -7.603876696146365081e-06 4.283551459093303377e-06 -1.607658591040724611e-06 2.101745542409681674e-05 3.555376806711059402e-05 2.496927119729752502e-03 3.787914583066478535e-05
2.138808837765903136e-05 -2.937643706771215536e-04 -6.862115486921047114e-04 -5.426642489882241700e-06 -3.370743445773736350e-06 2.563058640787041636e-05 -5.110913762654377553e-05 2.526027998460194441e-06 7.461806390929699934e-04 2.441571010544664987e-04
0.000000000000000000e+00 0.000000000000000000e+00 0.000000000000000000e+00 0.000000000000000000e+00 0.000000000000000000e+00 0.000000000000000000e+00 0.000000000000000000e+00 0.000000000000000000e+00 0.000000000000000000e+00 0.000000000000000000e+00
