# 
#                 ----------------------------------------------------
#                 Data from a 3D direct N-body simulation. 
# 
#                 rows are i-particle; 
#                 coumns are :mass, tag, x ,y, z, vx, vy, vz, ax, ay, az
# 
#                 NTHU, Computational Physics Lab
# 
#                 ----------------------------------------------------
#                 Time = 20.000000000000327
1.000000000000000000e+00 2.000000000000000000e+00 3.000000000000000000e+00 4.000000000000000000e+00 5.000000000000000000e+00 6.000000000000000000e+00 7.000000000000000000e+00 8.000000000000000000e+00 9.000000000000000000e+00 1.000000000000000000e+01
2.000000000000000000e+00 2.000000000000000000e+00 2.000000000000000000e+00 2.000000000000000000e+00 2.000000000000000000e+00 2.000000000000000000e+00 2.000000000000000000e+00 2.000000000000000000e+00 2.000000000000000000e+00 2.000000000000000000e+00
1.599425648223420460e+01 5.162509851719529053e+01 2.020339873998140234e+01 2.361827424228413577e+02 -2.541132137677190315e+02 1.957301102896666123e+01 1.406052515748161191e+01 -7.869903809459708555e+01 1.107708094355505501e+01 4.998087680968964008e+01
-1.536875995891274442e+02 -7.469426500194443541e+00 -5.448511329352063370e+01 1.128887473329037050e+02 1.678461106983942841e+02 -2.334777024829253378e+02 2.224698987615036216e+01 -6.967852535421157256e+01 -6.613859618851543587e+01 -2.362232671238913895e+01
2.134348241489240650e+01 8.135534086392803488e+01 -7.615340119227712989e+01 1.081528599752762432e+02 -6.149718539092242509e+01 2.371037597200599834e+01 -1.333896047622773722e+02 -6.427578995778810622e+01 -2.511117540090357636e+01 6.562319006395537002e+00
2.597170006234439943e-01 1.164710444085298224e+00 4.347450608421642992e-01 4.436155981212657196e+00 -5.144157461734444325e+00 3.954308777243347173e-01 3.608226498890124145e-02 -1.630633507799386761e+00 -4.473927426912367722e-02 1.314832306935741935e+00
-2.927408995371433953e+00 -4.386952567431061656e-01 -9.206075966776329222e-01 2.238933195015325950e+00 3.440676432475991753e+00 -4.518643885626921985e+00 6.501945037110633541e-01 -1.075600403612522182e+00 -1.214931043948815459e+00 -4.361516859078368724e-01
2.128916499055389655e-01 1.213507804166629400e+00 -1.353396127166142104e+00 1.518806965759841532e+00 -8.623125535125704122e-01 3.221993850652997149e-01 -2.213508267732073875e+00 -7.822841523698608190e-01 -5.241381421347743874e-01 3.634120617651723228e-01
-3.378245517695615424e-05 -2.115258742328522505e-03 -4.745882488040123817e-03 -1.753237677658448120e-04 1.043013991592976454e-04 -3.295709839518892492e-05 9.968843383599628426e-04 8.368229664714929832e-04 6.040096209927257875e-03 -8.749003622113758717e-04
5.111942049844322858e-04 -7.975326226466759871e-03 -5.812978439707057118e-03 -1.190258871478478385e-04 -8.227195112686614895e-05 6.236618268255023426e-04 -1.751504691037258964e-03 9.625830360881452042e-05 7.891564875035068927e-03 6.618427985031972299e-03
0.000000000000000000e+00 0.000000000000000000e+00 0.000000000000000000e+00 0.000000000000000000e+00 0.000000000000000000e+00 0.000000000000000000e+00 0.000000000000000000e+00 0.000000000000000000e+00 0.000000000000000000e+00 0.000000000000000000e+00
