# 
#                 ----------------------------------------------------
#                 Data from a 3D direct N-body simulation. 
# 
#                 rows are i-particle; 
#                 coumns are :mass, tag, x ,y, z, vx, vy, vz, ax, ay, az
# 
#                 NTHU, Computational Physics Lab
# 
#                 ----------------------------------------------------
#                 Time = 9.999999999999831
1.000000000000000000e+00 2.000000000000000000e+00 3.000000000000000000e+00 4.000000000000000000e+00 5.000000000000000000e+00 6.000000000000000000e+00 7.000000000000000000e+00 8.000000000000000000e+00 9.000000000000000000e+00 1.000000000000000000e+01
2.000000000000000000e+00 2.000000000000000000e+00 2.000000000000000000e+00 2.000000000000000000e+00 2.000000000000000000e+00 2.000000000000000000e+00 2.000000000000000000e+00 2.000000000000000000e+00 2.000000000000000000e+00 2.000000000000000000e+00
-2.823848322109520836e+01 1.316967232020142298e+01 -2.187518043167137094e+01 -2.312328098434446133e+01 -2.097092996014776389e+01 -2.519757086597192952e+01 -2.162119447433165220e+01 -2.531510293624499042e+01 -2.647876208490789551e+01 -2.218353067990780758e+01
-9.232908821788125664e+00 1.393607486734414067e+02 -4.614389278157271512e+00 -1.081593055076665166e+01 -3.123454688449920802e+00 -4.413008116914470591e+00 -9.439286964406297997e+00 -1.007566764338767795e+00 -9.533629115489842931e+00 -1.223932729788278273e+01
6.761309188206435117e+00 3.282864452046042913e+01 -1.157472755788923280e+01 1.797033462787265989e+01 -2.301557547912312174e+01 2.633350279372550062e+01 1.972812149763749190e+01 8.466791037779151097e-01 5.093715122474713475e+00 1.520648841452424271e+01
-4.384561237954228696e-01 3.952752553820838011e-01 -5.409345083691289302e-01 -1.419314885217290767e+00 -8.333186068852733719e-01 -1.191365470802705717e+00 -7.890730806984302959e-01 -7.416656345368731751e-01 -5.286848222483029325e-01 -7.500621639746662961e-01
8.017419436749792516e-02 4.637367489983023283e+00 -2.254196666511369962e-01 2.570064968393022675e-01 -3.202064540357831834e-01 4.197064024139311456e-01 -7.506423437633967799e-01 -1.398586685443408140e-01 -6.343556838835022749e-01 -8.522098607557652139e-01
2.584412586693632941e-01 1.070095268389511078e+00 -3.799048592151971770e-01 5.687768794973090403e-01 -8.019259544661122563e-01 9.103477878219756736e-01 6.620638353675263321e-01 3.507481620608393635e-02 2.258751763254996103e-01 4.630627504380221415e-01
3.789357669572476772e-01 -1.860536542816502775e-04 -1.003877621657494126e-02 2.774573218993011681e-01 -1.518849696117793857e-02 2.169666262468177009e-02 -2.496026895851301830e-01 6.400082183353490023e-03 -2.859182341409836070e-01 -1.235555831064357873e-01
-4.237029134707322175e-02 -7.345946181488425316e-04 6.805764749797883241e-03 6.054087342902780833e-02 -1.795557271966752300e-02 -5.083568660876253142e-02 -2.262139942097881051e-01 -6.558762789286860795e-02 7.572810364889147328e-02 2.606230255685916264e-01
0.000000000000000000e+00 0.000000000000000000e+00 0.000000000000000000e+00 0.000000000000000000e+00 0.000000000000000000e+00 0.000000000000000000e+00 0.000000000000000000e+00 0.000000000000000000e+00 0.000000000000000000e+00 0.000000000000000000e+00
