# 
#                 ----------------------------------------------------
#                 Data from a 3D direct N-body simulation. 
# 
#                 rows are i-particle; 
#                 coumns are :mass, tag, x ,y, z, vx, vy, vz, ax, ay, az
# 
#                 NTHU, Computational Physics Lab
# 
#                 ----------------------------------------------------
#                 Time = 43.999999999999815
1.000000000000000000e+00 2.000000000000000000e+00 3.000000000000000000e+00 4.000000000000000000e+00 5.000000000000000000e+00 6.000000000000000000e+00 7.000000000000000000e+00 8.000000000000000000e+00 9.000000000000000000e+00 1.000000000000000000e+01
2.000000000000000000e+00 2.000000000000000000e+00 2.000000000000000000e+00 2.000000000000000000e+00 2.000000000000000000e+00 2.000000000000000000e+00 2.000000000000000000e+00 2.000000000000000000e+00 2.000000000000000000e+00 2.000000000000000000e+00
3.465851176258998123e+01 1.447988124675815698e+02 4.519031275798925407e+01 5.553413604997078892e+02 -6.243493696088721663e+02 4.799593309051567047e+01 1.776430374705256909e+01 -1.949441177266588454e+02 1.605323433399491861e+01 1.313797000521022653e+02
-3.637579106552238386e+02 -3.601329714249802549e+01 -1.265213951393248237e+02 2.739235064277383458e+02 4.154619147165474828e+02 -5.579644922172141150e+02 6.692921771499645445e+01 -1.470062005776165677e+02 -1.452355948644119223e+02 -6.001529821095394368e+01
3.667168120809500209e+01 1.687279027639250160e+02 -1.735979223482439977e+02 2.175069615099762643e+02 -1.235836892438128984e+02 4.690873169669659859e+01 -2.927622000390045969e+02 -1.206002489284636567e+02 -6.284912163461957846e+01 3.272798745348303129e+01
2.590445487206778918e-01 1.295861267738768197e+00 2.904067880045570482e-01 4.430856227077639709e+00 -5.141070572027411245e+00 3.943760848660726737e-01 5.850327511052026003e-02 -1.605530107060457068e+00 1.411016018227780888e-01 1.098764742398131933e+00
-2.912239352840070961e+00 -1.890901521109683570e-01 -1.040250291831366747e+00 2.235267325898894875e+00 3.438242773710589617e+00 -4.500200324799504159e+00 6.057271390944974909e-01 -1.073210312746917694e+00 -1.040042766312963662e+00 -7.279306970578677261e-01
2.128916499055389655e-01 1.213507804166629400e+00 -1.353396127166142104e+00 1.518806965759841532e+00 -8.623125535125704122e-01 3.221993850652997149e-01 -2.213508267732073875e+00 -7.822841523698608190e-01 -5.241381421347743874e-01 3.634120617651723228e-01
-1.420707590005916962e-06 -1.501366511590338741e-03 -1.228753151194398544e-03 -3.090697356211778279e-05 1.764164890028143827e-05 -6.425029505091405958e-06 9.858566882719393759e-05 1.455455747701111884e-04 1.495449338416924732e-03 1.011650142527441027e-03
8.711011045717552198e-05 -2.402255166103589926e-03 -7.161279521277791760e-04 -2.177597718737826364e-05 -1.389786022553663220e-05 1.053929070567503039e-04 -2.222510822970445016e-04 1.143859496851547419e-05 9.995037470164702762e-04 2.172862678442416193e-03
0.000000000000000000e+00 0.000000000000000000e+00 0.000000000000000000e+00 0.000000000000000000e+00 0.000000000000000000e+00 0.000000000000000000e+00 0.000000000000000000e+00 0.000000000000000000e+00 0.000000000000000000e+00 0.000000000000000000e+00
