# 
#                 ----------------------------------------------------
#                 Data from a 3D direct N-body simulation. 
# 
#                 rows are i-particle; 
#                 coumns are :mass, tag, x ,y, z, vx, vy, vz, ax, ay, az
# 
#                 NTHU, Computational Physics Lab
# 
#                 ----------------------------------------------------
#                 Time = 88.00000000000811
1.000000000000000000e+00 2.000000000000000000e+00 3.000000000000000000e+00 4.000000000000000000e+00 5.000000000000000000e+00 6.000000000000000000e+00 7.000000000000000000e+00 8.000000000000000000e+00 9.000000000000000000e+00 1.000000000000000000e+01
2.000000000000000000e+00 2.000000000000000000e+00 2.000000000000000000e+00 2.000000000000000000e+00 2.000000000000000000e+00 2.000000000000000000e+00 2.000000000000000000e+00 2.000000000000000000e+00 2.000000000000000000e+00 2.000000000000000000e+00
6.884977870386896370e+01 3.106238788606261778e+02 7.247972348757977556e+01 1.140052992775804341e+03 -1.302879069320394137e+03 1.000197938280884529e+02 2.597262553737841628e+01 -4.061166958398587212e+02 4.714057622714664575e+01 2.790736544672352579e+02
-7.477193202350310912e+02 -6.985518205280651216e+01 -2.690888293610240680e+02 5.688645296411530126e+02 8.692378150385577555e+02 -1.151443288978422288e+03 1.457593001562595987e+02 -2.886130641424118721e+02 -2.758715377015723789e+02 -1.483838412837452836e+02
6.477337899560306766e+01 3.289109329140902673e+02 -3.522462111341832269e+02 4.179894809902596648e+02 -2.374089463076257402e+02 8.943905052535212974e+01 -5.849452913796711755e+02 -2.238617570413688327e+02 -1.320353563963400347e+02 8.069837960648906972e+01
2.590336198106697463e-01 1.237761433444350079e+00 9.707130186335176381e-02 4.428880021725100313e+00 -5.139950583282376861e+00 3.939614914112688493e-01 6.434530195534853003e-02 -1.596264365264183915e+00 3.519260351926239427e-01 1.125361259390595503e+00
-2.906679337727505086e+00 -2.893188771719918395e-01 -1.119963697142999592e+00 2.233865815888666617e+00 3.437360930531702330e+00 -4.493504421774709989e+00 5.920583468791859039e-01 -1.072522960043707618e+00 -9.435671114999918396e-01 -6.416706800226170682e-01
2.128916499055389655e-01 1.213507804166629400e+00 -1.353396127166142104e+00 1.518806965759841532e+00 -8.623125535125704122e-01 3.221993850652997149e-01 -2.213508267732073875e+00 -7.822841523698608190e-01 -5.241381421347743874e-01 3.634120617651723228e-01
2.665118049325455306e-07 -1.506564497864605883e-04 -2.768534279325449935e-03 -7.251482033869977683e-06 4.083909415402609942e-06 -1.533655098708627541e-06 1.998647770740795448e-05 3.389949142068604017e-05 2.834735756710705500e-03 3.500371918535397379e-05
2.039879910957453598e-05 -2.788210158322193305e-04 -7.191937264785602758e-04 -5.176700998098836403e-06 -3.213541787389827735e-06 2.443742930303495462e-05 -4.869215466114618860e-05 2.403729529122908534e-06 7.761605357045861823e-04 2.316966461110958717e-04
0.000000000000000000e+00 0.000000000000000000e+00 0.000000000000000000e+00 0.000000000000000000e+00 0.000000000000000000e+00 0.000000000000000000e+00 0.000000000000000000e+00 0.000000000000000000e+00 0.000000000000000000e+00 0.000000000000000000e+00
