# 
#                 ----------------------------------------------------
#                 Data from a 3D direct N-body simulation. 
# 
#                 rows are i-particle; 
#                 coumns are :mass, tag, x ,y, z, vx, vy, vz, ax, ay, az
# 
#                 NTHU, Computational Physics Lab
# 
#                 ----------------------------------------------------
#                 Time = 24.000000000000952
1.000000000000000000e+00 2.000000000000000000e+00 3.000000000000000000e+00 4.000000000000000000e+00 5.000000000000000000e+00 6.000000000000000000e+00 7.000000000000000000e+00 8.000000000000000000e+00 9.000000000000000000e+00 1.000000000000000000e+01
2.000000000000000000e+00 2.000000000000000000e+00 2.000000000000000000e+00 2.000000000000000000e+00 2.000000000000000000e+00 2.000000000000000000e+00 2.000000000000000000e+00 2.000000000000000000e+00 2.000000000000000000e+00 2.000000000000000000e+00
1.910888922512392440e+01 6.548351653724974142e+01 2.513889629531310987e+01 2.894056549870827553e+02 -3.158366169660690730e+02 2.431609106340275162e+01 1.455139757614630369e+01 -9.821445432299078959e+01 1.090317218996177928e+01 6.569336876929715174e+01
-1.887846838138131886e+02 -1.332394540456431287e+01 -6.584560754969173502e+01 1.397484755868275670e+02 2.091291120608711367e+02 -2.876626536132690148e+02 2.994467831234478794e+01 -8.257999255343288780e+01 -8.027938178823592352e+01 -2.835193675870297625e+01
2.389818221376080487e+01 9.591743451392753173e+01 -9.239415471827160786e+01 1.263785435643929134e+02 -7.184493603307083731e+01 2.757676859278776504e+01 -1.599517039750652430e+02 -7.366319978623403131e+01 -3.140083310652291004e+01 1.092326374757696072e+01
2.594196353461661886e-01 1.147730423415630474e+00 3.915669862190025441e-01 4.434445911379830463e+00 -5.143147424534860512e+00 3.951026439314194727e-01 4.482865439847366629e-02 -1.622494952469586416e+00 1.128299766036442234e-02 1.303362691739931689e+00
-2.922452660999327101e+00 -5.395407456434474502e-01 -9.667327332768629322e-01 2.237765419061621852e+00 3.439879842220978201e+00 -4.512606513699569888e+00 6.341780282617390796e-01 -1.074722331812101972e+00 -1.149465181960320326e+00 -3.486849087033638273e-01
2.128916499055389655e-01 1.213507804166629400e+00 -1.353396127166142104e+00 1.518806965759841532e+00 -8.623125535125704122e-01 3.221993850652997149e-01 -2.213508267732073875e+00 -7.822841523698608190e-01 -5.241381421347743874e-01 3.634120617651723228e-01
-1.786438657336429945e-05 -7.300266452693375758e-04 -2.807933683873591740e-03 -1.158595750052986682e-04 6.796840053207305434e-05 -2.267435812473351893e-05 5.333369413778926618e-04 5.504746342961500160e-04 3.696864028855439098e-03 -1.154285356215229525e-03
3.337169091658602330e-04 -9.207213484147019900e-03 -2.614473444771103165e-03 -7.959196132927756618e-05 -5.359718891658109757e-05 4.061461727237999138e-04 -1.020481095340366193e-03 5.572242822025721997e-05 3.875061792891447768e-03 8.304709871502981289e-03
0.000000000000000000e+00 0.000000000000000000e+00 0.000000000000000000e+00 0.000000000000000000e+00 0.000000000000000000e+00 0.000000000000000000e+00 0.000000000000000000e+00 0.000000000000000000e+00 0.000000000000000000e+00 0.000000000000000000e+00
