# 
#                 ----------------------------------------------------
#                 Data from a 3D direct N-body simulation. 
# 
#                 rows are i-particle; 
#                 coumns are :mass, tag, x ,y, z, vx, vy, vz, ax, ay, az
# 
#                 NTHU, Computational Physics Lab
# 
#                 ----------------------------------------------------
#                 Time = 78.000000000003
1.000000000000000000e+00 2.000000000000000000e+00 3.000000000000000000e+00 4.000000000000000000e+00 5.000000000000000000e+00 6.000000000000000000e+00 7.000000000000000000e+00 8.000000000000000000e+00 9.000000000000000000e+00 1.000000000000000000e+01
2.000000000000000000e+00 2.000000000000000000e+00 2.000000000000000000e+00 2.000000000000000000e+00 2.000000000000000000e+00 2.000000000000000000e+00 2.000000000000000000e+00 2.000000000000000000e+00 2.000000000000000000e+00 2.000000000000000000e+00
6.107888807491264060e+01 2.734163524239990011e+02 6.853662184371079036e+01 1.007183048080488106e+03 -1.148678554882167418e+03 8.820019993376483569e+01 2.405208118946473306e+01 -3.582122037115895523e+02 3.764605420751087195e+01 2.453310120849419320e+02
-6.605089720765580523e+02 -6.131315851942109418e+01 -2.357913751311363626e+02 5.018460265036384271e+02 7.661154156832380977e+02 -1.016626208877924796e+03 1.279737303002580830e+02 -2.564362003099594745e+02 -2.472350593003856432e+02 -1.290193740488273022e+02
5.838662949844015060e+01 2.925056987890062601e+02 -3.116443273191970320e+02 3.724252720174679894e+02 -2.115395697022120771e+02 7.977306897337639668e+01 -5.185400433477014985e+02 -2.003932324702540200e+02 -1.163112121323130026e+02 6.979601775354704785e+01
2.590258750641459273e-01 1.242996454396860129e+00 1.605066331991857331e-01 4.429126445905152032e+00 -5.140089471393375575e+00 3.940135629652377625e-01 6.366093109289118479e-02 -1.597416036813049667e+00 2.862453331224083519e-01 1.124053831862033670e+00
-2.907372384541368149e+00 -2.797021710371005443e-01 -1.100484134385067092e+00 2.234041588036652204e+00 3.437470228166427777e+00 -4.494335323542760108e+00 5.937161928596194072e-01 -1.072604854469723090e+00 -9.650016314435599929e-01 -6.496686681952730247e-01
2.128916499055389655e-01 1.213507804166629400e+00 -1.353396127166142104e+00 1.518806965759841532e+00 -8.623125535125704122e-01 3.221993850652997149e-01 -2.213508267732073875e+00 -7.822841523698608190e-01 -5.241381421347743874e-01 3.634120617651723228e-01
2.424909119669274620e-07 -2.025143694057191142e-04 -1.678207115617102183e-03 -9.305327417390286854e-06 5.248660839445331135e-06 -1.964520893092758871e-06 2.606362839315633833e-05 4.354692167170433597e-05 1.762886404796455871e-03 5.400322672057520680e-05
2.616565998828153275e-05 -3.693713176200496304e-04 -5.964105100285784162e-04 -6.631913129933566323e-06 -4.130773431584034493e-06 3.139770385234431221e-05 -6.285016967949526344e-05 3.121158863786240793e-06 6.711080053148577246e-04 3.076021558703711622e-04
0.000000000000000000e+00 0.000000000000000000e+00 0.000000000000000000e+00 0.000000000000000000e+00 0.000000000000000000e+00 0.000000000000000000e+00 0.000000000000000000e+00 0.000000000000000000e+00 0.000000000000000000e+00 0.000000000000000000e+00
