# 
#                 ----------------------------------------------------
#                 Data from a 3D direct N-body simulation. 
# 
#                 rows are i-particle; 
#                 coumns are :mass, tag, x ,y, z, vx, vy, vz, ax, ay, az
# 
#                 NTHU, Computational Physics Lab
# 
#                 ----------------------------------------------------
#                 Time = 71.99999999999993
1.000000000000000000e+00 2.000000000000000000e+00 3.000000000000000000e+00 4.000000000000000000e+00 5.000000000000000000e+00 6.000000000000000000e+00 7.000000000000000000e+00 8.000000000000000000e+00 9.000000000000000000e+00 1.000000000000000000e+01
2.000000000000000000e+00 2.000000000000000000e+00 2.000000000000000000e+00 2.000000000000000000e+00 2.000000000000000000e+00 2.000000000000000000e+00 2.000000000000000000e+00 2.000000000000000000e+00 2.000000000000000000e+00 2.000000000000000000e+00
5.641645967708424791e+01 2.510072704291967511e+02 6.539184816548080903e+01 9.274571785738611425e+02 -1.056156045291812234e+03 8.110761953465056706e+01 2.291066585552480461e+01 -3.294512636154479424e+02 3.276353131825935350e+01 2.251077715909063386e+02
-6.081717887013769541e+02 -5.634240618634583342e+01 -2.160772588644327641e+02 4.616321426996731248e+02 7.042402439529403182e+02 -9.357227947145196367e+02 1.172760596528144958e+02 -2.371287789170899316e+02 -2.297576729038529777e+02 -1.172720707911034026e+02
5.455457980014394792e+01 2.706625583139558557e+02 -2.872831970302053151e+02 3.450867466337929841e+02 -1.960179437389638792e+02 7.397348004219095685e+01 -4.786968945285196924e+02 -1.863121177275851323e+02 -1.068767255738967918e+02 6.325460064178037811e+01
2.590218573177589523e-01 1.247039611609797927e+00 1.881085994817482121e-01 4.429308433306703208e+00 -5.140192176519409628e+00 3.940519444437000085e-01 6.314803264859589205e-02 -1.598267367196258615e+00 2.570066657198655236e-01 1.122914030676781527e+00
-2.907884073476883824e+00 -2.723655104845621455e-01 -1.090075330836474787e+00 2.234171211528797940e+00 3.437551061989421175e+00 -4.494949487544247724e+00 5.949482833569964546e-01 -1.072665948734464969e+00 -9.768759146504650825e-01 -6.557892298619912852e-01
2.128916499055389655e-01 1.213507804166629400e+00 -1.353396127166142104e+00 1.518806965759841532e+00 -8.623125535125704122e-01 3.221993850652997149e-01 -2.213508267732073875e+00 -7.822841523698608190e-01 -5.241381421347743874e-01 3.634120617651723228e-01
1.987502132930101185e-07 -2.494179927756600074e-04 -1.413691969276412727e-03 -1.098613477815063496e-05 6.203908420548697418e-06 -2.316290849126270067e-06 3.115486952768168932e-05 5.145140581480435368e-05 1.513398617318548710e-03 7.400483638447330828e-05
3.088753925195805321e-05 -4.503244016252919363e-04 -5.641983982831082298e-04 -7.820281823527361158e-06 -4.883161254686196163e-06 3.710472042653478275e-05 -7.456525113882253543e-05 3.717254552340772643e-06 6.537888488929875699e-04 3.762931310016151922e-04
0.000000000000000000e+00 0.000000000000000000e+00 0.000000000000000000e+00 0.000000000000000000e+00 0.000000000000000000e+00 0.000000000000000000e+00 0.000000000000000000e+00 0.000000000000000000e+00 0.000000000000000000e+00 0.000000000000000000e+00
