# 
#                 ----------------------------------------------------
#                 Data from a 3D direct N-body simulation. 
# 
#                 rows are i-particle; 
#                 coumns are :mass, tag, x ,y, z, vx, vy, vz, ax, ay, az
# 
#                 NTHU, Computational Physics Lab
# 
#                 ----------------------------------------------------
#                 Time = 84.00000000000607
1.000000000000000000e+00 2.000000000000000000e+00 3.000000000000000000e+00 4.000000000000000000e+00 5.000000000000000000e+00 6.000000000000000000e+00 7.000000000000000000e+00 8.000000000000000000e+00 9.000000000000000000e+00 1.000000000000000000e+01
2.000000000000000000e+00 2.000000000000000000e+00 2.000000000000000000e+00 2.000000000000000000e+00 2.000000000000000000e+00 2.000000000000000000e+00 2.000000000000000000e+00 2.000000000000000000e+00 2.000000000000000000e+00 2.000000000000000000e+00
6.574139439479300506e+01 2.957594767757659042e+02 7.113179156251058544e+01 1.086905893054453145e+03 -1.241199358449432111e+03 9.529214184301207524e+01 2.520197137307239288e+01 -3.869590028088294389e+02 4.310545660492783071e+01 2.655719871550357993e+02
-7.128376507479321162e+02 -6.640416491315575342e+01 -2.556995076143935250e+02 5.420577548174850335e+02 8.279892447569071692e+02 -1.097519417807507352e+03 1.386509777663866885e+02 -2.757426103095233429e+02 -2.644942457134919209e+02 -1.406664990977230048e+02
6.221867919673635328e+01 3.143488392640566644e+02 -3.360054576081887490e+02 3.997637974011429947e+02 -2.270611956654602750e+02 8.557265790456183652e+01 -5.583831921668833047e+02 -2.144743472129229076e+02 -1.257456986907292134e+02 7.633743486531226097e+01
2.590304432990028771e-01 1.239672943622023515e+00 1.263685042072337228e-01 4.428971317208445946e+00 -5.140002013829326977e+00 3.939807950060603692e-01 6.409316011177920713e-02 -1.596690860453544136e+00 3.217968818946408960e-01 1.124904630420722418e+00
-2.906936132378962867e+00 -2.857911046444225334e-01 -1.111719984054534205e+00 2.233930970080928891e+00 3.437401401459396766e+00 -4.493812132869124731e+00 5.926712091649622982e-01 -1.072553124884917164e+00 -9.525299593835597767e-01 -6.446024770346415744e-01
2.128916499055389655e-01 1.213507804166629400e+00 -1.353396127166142104e+00 1.518806965759841532e+00 -8.623125535125704122e-01 3.221993850652997149e-01 -2.213508267732073875e+00 -7.822841523698608190e-01 -5.241381421347743874e-01 3.634120617651723228e-01
2.620052448687381211e-07 -1.684827530896674944e-04 -2.168901526630349127e-03 -7.982590688642561438e-06 4.498199766412270182e-06 -1.687155064135221362e-06 2.213095329945367217e-05 3.733209462842653528e-05 2.241691096414082963e-03 4.113967611954988071e-05
2.245133286086074372e-05 -3.100868417164711526e-04 -6.576357438240784496e-04 -5.695128242202467628e-06 -3.539768431197812175e-06 2.691335756305601515e-05 -5.371226224968205003e-05 2.657810585445701066e-06 7.208505198572852423e-04 2.577967235969842751e-04
0.000000000000000000e+00 0.000000000000000000e+00 0.000000000000000000e+00 0.000000000000000000e+00 0.000000000000000000e+00 0.000000000000000000e+00 0.000000000000000000e+00 0.000000000000000000e+00 0.000000000000000000e+00 0.000000000000000000e+00
