# 
#                 ----------------------------------------------------
#                 Data from a 3D direct N-body simulation. 
# 
#                 rows are i-particle; 
#                 coumns are :mass, tag, x ,y, z, vx, vy, vz, ax, ay, az
# 
#                 NTHU, Computational Physics Lab
# 
#                 ----------------------------------------------------
#                 Time = 28.000000000001577
1.000000000000000000e+00 2.000000000000000000e+00 3.000000000000000000e+00 4.000000000000000000e+00 5.000000000000000000e+00 6.000000000000000000e+00 7.000000000000000000e+00 8.000000000000000000e+00 9.000000000000000000e+00 1.000000000000000000e+01
2.000000000000000000e+00 2.000000000000000000e+00 2.000000000000000000e+00 2.000000000000000000e+00 2.000000000000000000e+00 2.000000000000000000e+00 2.000000000000000000e+00 2.000000000000000000e+00 2.000000000000000000e+00 2.000000000000000000e+00
2.222085487268224568e+01 7.924876525291651319e+01 2.965729091478620560e+01 3.426115850123138102e+02 -3.775500466255340939e+02 2.905585785690092138e+01 1.512195869151285876e+01 -1.176492208234298573e+02 1.127626321287670308e+01 8.122189020247118663e+01
-2.238328048438366977e+02 -2.055364941230544318e+01 -7.760522666692237692e+01 1.665965479013150627e+02 2.504042485462450429e+02 -3.417880063610074330e+02 3.749115882757392626e+01 -9.547320034832333135e+01 -9.383499413729575167e+01 -3.184058280106383165e+01
2.645288201262920325e+01 1.104795281639270286e+02 -1.086349082442660858e+02 1.446042271535095836e+02 -8.219268667521924954e+01 3.144316121356953175e+01 -1.865138031878531137e+02 -8.305060961467995639e+01 -3.769049081214224373e+01 1.528420848875803273e+01
2.592563326516150735e-01 1.151624814011187548e+00 3.629558144254669272e-01 4.433275044090446926e+00 -5.142463752672162158e+00 3.948706680656832169e-01 4.987146638238414142e-02 -1.616946091304408251e+00 4.895302958330287335e-02 1.280711693662654582e+00
-2.919094843550566587e+00 -6.770448252758891616e-01 -9.912939386147420207e-01 2.236957658177538555e+00 3.439340786727117294e+00 -4.508521889712283404e+00 6.242456600283220469e-01 -1.074183879233631345e+00 -1.112523460566713362e+00 -2.204458491340130777e-01
2.128916499055389655e-01 1.213507804166629400e+00 -1.353396127166142104e+00 1.518806965759841532e+00 -8.623125535125704122e-01 3.221993850652997149e-01 -2.213508267732073875e+00 -7.822841523698608190e-01 -5.241381421347743874e-01 3.634120617651723228e-01
-1.021170077313323166e-05 2.002482938810829297e-03 -2.056938194581410789e-03 -8.219214682546229899e-05 4.778401877027171581e-05 -1.647058773378575581e-05 3.313445609153699962e-04 3.894697442654356662e-04 2.697985965153975804e-03 -3.303254598002090814e-03
2.346904701277779796e-04 -1.526398921187245572e-02 -1.629970001832947322e-03 -5.694503391341036708e-05 -3.767237752154274866e-05 2.854098535876134382e-04 -6.730000779533655379e-04 3.620473660518211092e-05 2.475936392175011845e-03 1.462933525059813798e-02
0.000000000000000000e+00 0.000000000000000000e+00 0.000000000000000000e+00 0.000000000000000000e+00 0.000000000000000000e+00 0.000000000000000000e+00 0.000000000000000000e+00 0.000000000000000000e+00 0.000000000000000000e+00 0.000000000000000000e+00
