# 
#                 ----------------------------------------------------
#                 Data from a 3D direct N-body simulation. 
# 
#                 rows are i-particle; 
#                 coumns are :mass, tag, x ,y, z, vx, vy, vz, ax, ay, az
# 
#                 NTHU, Computational Physics Lab
# 
#                 ----------------------------------------------------
#                 Time = 82.00000000000504
1.000000000000000000e+00 2.000000000000000000e+00 3.000000000000000000e+00 4.000000000000000000e+00 5.000000000000000000e+00 6.000000000000000000e+00 7.000000000000000000e+00 8.000000000000000000e+00 9.000000000000000000e+00 1.000000000000000000e+01
2.000000000000000000e+00 2.000000000000000000e+00 2.000000000000000000e+00 2.000000000000000000e+00 2.000000000000000000e+00 2.000000000000000000e+00 2.000000000000000000e+00 2.000000000000000000e+00 2.000000000000000000e+00 2.000000000000000000e+00
6.418721643444095548e+01 2.883183414096682213e+02 7.033575657073657794e+01 1.060331918824314926e+03 -1.210359263902718112e+03 9.292822614979510831e+01 2.481781852657652365e+01 -3.773781732846703676e+02 4.121383329314127053e+01 2.588233226828890565e+02
-6.953956224155062955e+02 -6.469511398637615684e+01 -2.490408931347071473e+02 5.286540646124323075e+02 8.073647714542174754e+02 -1.070556051628086834e+03 1.350939655559166397e+02 -2.693072428029781236e+02 -2.587662001124552944e+02 -1.367941484082422789e+02
6.094132929730428572e+01 3.070677924390398630e+02 -3.278850808451915100e+02 3.906509556065846596e+02 -2.218873203443775424e+02 8.363946159416668991e+01 -5.451021425604893693e+02 -2.097806422986999451e+02 -1.226008698379238098e+02 7.415696249472385659e+01
2.590288839247043007e-01 1.240714011530077876e+00 1.387546528893942865e-01 4.429020418645400525e+00 -5.140029686773044837e+00 3.939911709679049800e-01 6.395672681284818306e-02 -1.596920344829136917e+00 3.089630247603550317e-01 1.124646715546393505e+00
-2.907074226162003061e+00 -2.838778434978954657e-01 -1.107848869558221150e+00 2.233965995416887562e+00 3.437423178505005339e+00 -4.493977698989623626e+00 5.930017003583303303e-01 -1.072569499860321685e+00 -9.567906119800480003e-01 -6.461933267770655354e-01
2.128916499055389655e-01 1.213507804166629400e+00 -1.353396127166142104e+00 1.518806965759841532e+00 -8.623125535125704122e-01 3.221993850652997149e-01 -2.213508267732073875e+00 -7.822841523698608190e-01 -5.241381421347743874e-01 3.634120617651723228e-01
2.574916298818287345e-07 -1.787207013485828577e-04 -1.967486113227186369e-03 -8.390310391211054409e-06 4.729397140086762630e-06 -1.772699275564844347e-06 2.333601452744783620e-05 3.924716463380772469e-05 2.043945391111466701e-03 4.485436519985421834e-05
2.359610533238001073e-05 -3.279748284061217772e-04 -6.333909604234154445e-04 -5.984038325287386222e-06 -3.721832897922466203e-06 2.829495085067957575e-05 -5.652129656720295453e-05 2.800112806138114399e-06 7.001214162703475654e-04 2.727803713604049656e-04
0.000000000000000000e+00 0.000000000000000000e+00 0.000000000000000000e+00 0.000000000000000000e+00 0.000000000000000000e+00 0.000000000000000000e+00 0.000000000000000000e+00 0.000000000000000000e+00 0.000000000000000000e+00 0.000000000000000000e+00
