# 
#                 ----------------------------------------------------
#                 Data from a 3D direct N-body simulation. 
# 
#                 rows are i-particle; 
#                 coumns are :mass, tag, x ,y, z, vx, vy, vz, ax, ay, az
# 
#                 NTHU, Computational Physics Lab
# 
#                 ----------------------------------------------------
#                 Time = 80.00000000000402
1.000000000000000000e+00 2.000000000000000000e+00 3.000000000000000000e+00 4.000000000000000000e+00 5.000000000000000000e+00 6.000000000000000000e+00 7.000000000000000000e+00 8.000000000000000000e+00 9.000000000000000000e+00 1.000000000000000000e+01
2.000000000000000000e+00 2.000000000000000000e+00 2.000000000000000000e+00 2.000000000000000000e+00 2.000000000000000000e+00 2.000000000000000000e+00 2.000000000000000000e+00 2.000000000000000000e+00 2.000000000000000000e+00 2.000000000000000000e+00
6.263304773816797422e+01 2.808707689429622860e+02 6.946876880899824869e+01 1.033757642446929367e+03 -1.179518999042856649e+03 9.056424661939364285e+01 2.443450629838529409e+01 -3.677959321354725262e+02 3.939591615820395987e+01 2.520762801144198590e+02
-6.779527443531763993e+02 -6.299787550518589541e+01 -2.424050926525866316e+02 5.152501589143963656e+02 7.867401641223228808e+02 -1.043591666502918088e+03 1.315349198633229832e+02 -2.628717745893040387e+02 -2.530129404519243224e+02 -1.329119719541274094e+02
5.966397939787221816e+01 2.997867456140230615e+02 -3.197647040821942710e+02 3.815381138120263245e+02 -2.167134450232948097e+02 8.170626528377154330e+01 -5.318210929540954339e+02 -2.050869373844769825e+02 -1.194560409851184062e+02 7.197649012413545222e+01
2.590273570931945213e-01 1.241819588835997967e+00 1.500624977328106902e-01 4.429072060756160667e+00 -5.140058800766604818e+00 3.940020798518459877e-01 6.381295967140196423e-02 -1.597161772744726038e+00 2.971848333798524644e-01 1.124364082215229210e+00
-2.907219453859064551e+00 -2.818520252622305211e-01 -1.104111122426913116e+00 2.234002820617914775e+00 3.437446090381329977e+00 -4.494151876312269422e+00 5.933494057124479859e-01 -1.072586717619221419e+00 -9.609394892666937027e-01 -6.478790419729478778e-01
2.128916499055389655e-01 1.213507804166629400e+00 -1.353396127166142104e+00 1.518806965759841532e+00 -8.623125535125704122e-01 3.221993850652997149e-01 -2.213508267732073875e+00 -7.822841523698608190e-01 -5.241381421347743874e-01 3.634120617651723228e-01
2.511019935585114449e-07 -1.900117292628249535e-04 -1.807420173539575625e-03 -8.830073845871712365e-06 4.978889871686721042e-06 -1.864917894379568841e-06 2.464296334665248898e-05 4.131334021131779230e-05 1.887833005125192590e-03 4.910759399424386308e-05
2.483097322754468063e-05 -3.476488273256507933e-04 -6.131187375335242235e-04 -6.295497263739457258e-06 -3.918313486507858335e-06 2.978578842225402778e-05 -5.955871685460232499e-05 2.954113154114689406e-06 6.836651976527792019e-04 2.893040200073321560e-04
0.000000000000000000e+00 0.000000000000000000e+00 0.000000000000000000e+00 0.000000000000000000e+00 0.000000000000000000e+00 0.000000000000000000e+00 0.000000000000000000e+00 0.000000000000000000e+00 0.000000000000000000e+00 0.000000000000000000e+00
