# 
#                 ----------------------------------------------------
#                 Data from a 3D direct N-body simulation. 
# 
#                 rows are i-particle; 
#                 coumns are :mass, tag, x ,y, z, vx, vy, vz, ax, ay, az
# 
#                 NTHU, Computational Physics Lab
# 
#                 ----------------------------------------------------
#                 Time = 22.00000000000064
1.000000000000000000e+00 2.000000000000000000e+00 3.000000000000000000e+00 4.000000000000000000e+00 5.000000000000000000e+00 6.000000000000000000e+00 7.000000000000000000e+00 8.000000000000000000e+00 9.000000000000000000e+00 1.000000000000000000e+01
2.000000000000000000e+00 2.000000000000000000e+00 2.000000000000000000e+00 2.000000000000000000e+00 2.000000000000000000e+00 2.000000000000000000e+00 2.000000000000000000e+00 2.000000000000000000e+00 2.000000000000000000e+00 2.000000000000000000e+00
1.755201440130188928e+01 5.857975441363303304e+01 2.273514813569103410e+01 2.627967505776472308e+02 -2.849764222085431697e+02 2.194504137908758068e+01 1.429299748092621947e+01 -8.846888790850066187e+01 1.090685072073332762e+01 5.785408287854553322e+01
-1.712435357388490331e+02 -1.024626160670958797e+01 -6.009774516154321589e+01 1.263203545793471676e+02 1.884887997819844259e+02 -2.605791845661251500e+02 2.611963854805879848e+01 -7.613056562007098194e+01 -7.330550863216494406e+01 -2.611764362614713164e+01
2.262083231432660568e+01 8.863638768892778330e+01 -8.427377795527436888e+01 1.172657017698345783e+02 -6.667106071199663120e+01 2.564357228239688169e+01 -1.466706543686713076e+02 -6.896949487201106876e+01 -2.825600425371324320e+01 8.742791376986424723e+00
2.595448220416122775e-01 1.154190924896590253e+00 4.103520857101297659e-01 4.435212715922580706e+00 -5.143598642041976809e+00 3.952514483253391497e-01 4.113337473581381298e-02 -1.626139660846213753e+00 -1.334712676018477359e-02 1.309498713307791551e+00
-2.924667595067486303e+00 -4.873311475273271465e-01 -9.482053062542327160e-01 2.238290766738169069e+00 3.440235678330478386e+00 -4.515303181868213223e+00 6.411122528240622565e-01 -1.075102122540779082e+00 -1.176495001600855961e+00 -3.949148671865924110e-01
2.128916499055389655e-01 1.213507804166629400e+00 -1.353396127166142104e+00 1.518806965759841532e+00 -8.623125535125704122e-01 3.221993850652997149e-01 -2.213508267732073875e+00 -7.822841523698608190e-01 -5.241381421347743874e-01 3.634120617651723228e-01
-2.427618826807717654e-05 -1.411760300149534535e-03 -3.513263295794908075e-03 -1.410161605197336743e-04 8.323647565869826139e-05 -2.712718265162705842e-05 7.114892168067067472e-04 6.712972203914856131e-04 4.580370676656734391e-03 -9.289504621297444125e-04
4.084742828355948218e-04 -8.311158850936735051e-03 -3.671032530587716846e-03 -9.635216579246076230e-05 -6.564573275324494790e-05 4.975321633647804363e-04 -1.310072396724578335e-03 7.194479835587724436e-05 5.265258079806657034e-03 7.211052352431826691e-03
0.000000000000000000e+00 0.000000000000000000e+00 0.000000000000000000e+00 0.000000000000000000e+00 0.000000000000000000e+00 0.000000000000000000e+00 0.000000000000000000e+00 0.000000000000000000e+00 0.000000000000000000e+00 0.000000000000000000e+00
