# 
#                 ----------------------------------------------------
#                 Data from a 3D direct N-body simulation. 
# 
#                 rows are i-particle; 
#                 coumns are :mass, tag, x ,y, z, vx, vy, vz, ax, ay, az
# 
#                 NTHU, Computational Physics Lab
# 
#                 ----------------------------------------------------
#                 Time = 76.00000000000198
1.000000000000000000e+00 2.000000000000000000e+00 3.000000000000000000e+00 4.000000000000000000e+00 5.000000000000000000e+00 6.000000000000000000e+00 7.000000000000000000e+00 8.000000000000000000e+00 9.000000000000000000e+00 1.000000000000000000e+01
2.000000000000000000e+00 2.000000000000000000e+00 2.000000000000000000e+00 2.000000000000000000e+00 2.000000000000000000e+00 2.000000000000000000e+00 2.000000000000000000e+00 2.000000000000000000e+00 2.000000000000000000e+00 2.000000000000000000e+00
5.952473713343609063e+01 2.659546411862265813e+02 6.754398873914398393e+01 9.806081186041061528e+02 -1.117837921702125414e+03 8.583608250179524646e+01 2.367059462285015670e+01 -3.486269090298115430e+02 3.595968666461748597e+01 2.385876982033034039e+02
-6.430642575037420556e+02 -5.964174598115879178e+01 -2.291991379419136763e+02 4.884416552609807241e+02 7.454905184830652161e+02 -9.896596205693058437e+02 1.244102790245017189e+02 -2.500005141058623508e+02 -2.414330254972556133e+02 -1.251156955927606305e+02
5.710927959900808304e+01 2.852246519639894586e+02 -3.035239505561997930e+02 3.633124302229096543e+02 -2.063656943811293445e+02 7.783987266298125007e+01 -5.052589937413075631e+02 -1.956995275560310574e+02 -1.131663832795075990e+02 6.761554538295864347e+01
2.590244523692837308e-01 1.244252431615295418e+00 1.702493454403432582e-01 4.429183798523506965e+00 -5.140121826939326510e+00 3.940256686201083491e-01 6.349997193426820674e-02 -1.597683995515955191e+00 2.759980489941565307e-01 1.123712154156969678e+00
-2.907533649555912092e+00 -2.774150762484707267e-01 -1.096947674882801316e+00 2.234082455437591541e+00 3.437495692952999171e+00 -4.494528869515526104e+00 5.941038251048301744e-01 -1.072624027199492014e+00 -9.689928002126378948e-01 -6.515747651369165894e-01
2.128916499055389655e-01 1.213507804166629400e+00 -1.353396127166142104e+00 1.518806965759841532e+00 -8.623125535125704122e-01 3.221993850652997149e-01 -2.213508267732073875e+00 -7.822841523698608190e-01 -5.241381421347743874e-01 3.634120617651723228e-01
2.312433558172328910e-07 -2.164195620546883840e-04 -1.572655539143573162e-03 -9.819993383395445198e-06 5.540969046678421429e-06 -2.072315309048351176e-06 2.761161114663342271e-05 4.596647114426931645e-05 1.661947001307380409e-03 5.967011388992664019e-05
2.761123852244948967e-05 -3.934571084776364303e-04 -5.828887655382514361e-04 -6.996024127965382485e-06 -4.360993787669239735e-06 3.314417812594709081e-05 -6.642502556340808165e-05 3.302795750539473587e-06 6.621121500826870204e-04 3.279575550133074255e-04
0.000000000000000000e+00 0.000000000000000000e+00 0.000000000000000000e+00 0.000000000000000000e+00 0.000000000000000000e+00 0.000000000000000000e+00 0.000000000000000000e+00 0.000000000000000000e+00 0.000000000000000000e+00 0.000000000000000000e+00
