# 
#                 ----------------------------------------------------
#                 Data from a 3D direct N-body simulation. 
# 
#                 rows are i-particle; 
#                 coumns are :mass, tag, x ,y, z, vx, vy, vz, ax, ay, az
# 
#                 NTHU, Computational Physics Lab
# 
#                 ----------------------------------------------------
#                 Time = 2.0000000000000013
1.000000000000000000e+00 2.000000000000000000e+00 3.000000000000000000e+00 4.000000000000000000e+00 5.000000000000000000e+00 6.000000000000000000e+00 7.000000000000000000e+00 8.000000000000000000e+00 9.000000000000000000e+00 1.000000000000000000e+01 1.100000000000000000e+01 1.200000000000000000e+01 1.300000000000000000e+01 1.400000000000000000e+01 1.500000000000000000e+01 1.600000000000000000e+01 1.700000000000000000e+01 1.800000000000000000e+01 1.900000000000000000e+01 2.000000000000000000e+01 2.100000000000000000e+01 2.200000000000000000e+01 2.300000000000000000e+01 2.400000000000000000e+01 2.500000000000000000e+01 2.600000000000000000e+01 2.700000000000000000e+01 2.800000000000000000e+01 2.900000000000000000e+01 3.000000000000000000e+01 3.100000000000000000e+01 3.200000000000000000e+01 3.300000000000000000e+01 3.400000000000000000e+01 3.500000000000000000e+01 3.600000000000000000e+01 3.700000000000000000e+01 3.800000000000000000e+01 3.900000000000000000e+01 4.000000000000000000e+01 4.100000000000000000e+01 4.200000000000000000e+01 4.300000000000000000e+01 4.400000000000000000e+01 4.500000000000000000e+01 4.600000000000000000e+01 4.700000000000000000e+01 4.800000000000000000e+01 4.900000000000000000e+01 5.000000000000000000e+01 5.100000000000000000e+01 5.200000000000000000e+01 5.300000000000000000e+01 5.400000000000000000e+01 5.500000000000000000e+01 5.600000000000000000e+01 5.700000000000000000e+01 5.800000000000000000e+01 5.900000000000000000e+01 6.000000000000000000e+01 6.100000000000000000e+01 6.200000000000000000e+01 6.300000000000000000e+01 6.400000000000000000e+01 6.500000000000000000e+01 6.600000000000000000e+01 6.700000000000000000e+01 6.800000000000000000e+01 6.900000000000000000e+01 7.000000000000000000e+01 7.100000000000000000e+01 7.200000000000000000e+01 7.300000000000000000e+01 7.400000000000000000e+01 7.500000000000000000e+01 7.600000000000000000e+01 7.700000000000000000e+01 7.800000000000000000e+01 7.900000000000000000e+01 8.000000000000000000e+01 8.100000000000000000e+01 8.200000000000000000e+01 8.300000000000000000e+01 8.400000000000000000e+01 8.500000000000000000e+01 8.600000000000000000e+01 8.700000000000000000e+01 8.800000000000000000e+01 8.900000000000000000e+01 9.000000000000000000e+01 9.100000000000000000e+01 9.200000000000000000e+01 9.300000000000000000e+01 9.400000000000000000e+01 9.500000000000000000e+01 9.600000000000000000e+01 9.700000000000000000e+01 9.800000000000000000e+01 9.900000000000000000e+01 1.000000000000000000e+02
2.000000000000000111e-01 2.000000000000000111e-01 2.000000000000000111e-01 2.000000000000000111e-01 2.000000000000000111e-01 2.000000000000000111e-01 2.000000000000000111e-01 2.000000000000000111e-01 2.000000000000000111e-01 2.000000000000000111e-01 2.000000000000000111e-01 2.000000000000000111e-01 2.000000000000000111e-01 2.000000000000000111e-01 2.000000000000000111e-01 2.000000000000000111e-01 2.000000000000000111e-01 2.000000000000000111e-01 2.000000000000000111e-01 2.000000000000000111e-01 2.000000000000000111e-01 2.000000000000000111e-01 2.000000000000000111e-01 2.000000000000000111e-01 2.000000000000000111e-01 2.000000000000000111e-01 2.000000000000000111e-01 2.000000000000000111e-01 2.000000000000000111e-01 2.000000000000000111e-01 2.000000000000000111e-01 2.000000000000000111e-01 2.000000000000000111e-01 2.000000000000000111e-01 2.000000000000000111e-01 2.000000000000000111e-01 2.000000000000000111e-01 2.000000000000000111e-01 2.000000000000000111e-01 2.000000000000000111e-01 2.000000000000000111e-01 2.000000000000000111e-01 2.000000000000000111e-01 2.000000000000000111e-01 2.000000000000000111e-01 2.000000000000000111e-01 2.000000000000000111e-01 2.000000000000000111e-01 2.000000000000000111e-01 2.000000000000000111e-01 2.000000000000000111e-01 2.000000000000000111e-01 2.000000000000000111e-01 2.000000000000000111e-01 2.000000000000000111e-01 2.000000000000000111e-01 2.000000000000000111e-01 2.000000000000000111e-01 2.000000000000000111e-01 2.000000000000000111e-01 2.000000000000000111e-01 2.000000000000000111e-01 2.000000000000000111e-01 2.000000000000000111e-01 2.000000000000000111e-01 2.000000000000000111e-01 2.000000000000000111e-01 2.000000000000000111e-01 2.000000000000000111e-01 2.000000000000000111e-01 2.000000000000000111e-01 2.000000000000000111e-01 2.000000000000000111e-01 2.000000000000000111e-01 2.000000000000000111e-01 2.000000000000000111e-01 2.000000000000000111e-01 2.000000000000000111e-01 2.000000000000000111e-01 2.000000000000000111e-01 2.000000000000000111e-01 2.000000000000000111e-01 2.000000000000000111e-01 2.000000000000000111e-01 2.000000000000000111e-01 2.000000000000000111e-01 2.000000000000000111e-01 2.000000000000000111e-01 2.000000000000000111e-01 2.000000000000000111e-01 2.000000000000000111e-01 2.000000000000000111e-01 2.000000000000000111e-01 2.000000000000000111e-01 2.000000000000000111e-01 2.000000000000000111e-01 2.000000000000000111e-01 2.000000000000000111e-01 2.000000000000000111e-01 2.000000000000000111e-01
-5.653132669881427708e-01 9.853532661009284155e+00 4.052963022470685850e+00 5.391087509437328507e+00 -5.440158257069954040e+00 4.198029485092612312e+00 1.421933496233285510e+01 8.148026671624359452e+00 1.673805690705802540e+00 1.025475536237244079e+01 -5.217882637018345982e+00 -4.390282762058688726e-01 1.577699984198071226e+00 -3.580403332417235962e+00 -5.251174214483144809e+00 3.605142758775985445e+00 9.144332034121953612e+00 -7.646498416384653218e+00 5.604374544317870521e-01 -1.041805362056478756e+01 1.383518521354495379e+00 2.132257818807370420e+00 -2.527044678318643545e+00 1.267822233846998659e+00 -8.752514324737175500e+00 -3.496170432458698851e+00 -4.371188491896266237e-01 -1.244480898394263768e+01 -3.007606114983495171e+00 1.303896949143431350e+01 -7.538895706025456001e+00 1.796853195958702187e+01 7.484159431254042261e+00 -2.371107098045191819e+00 2.503366564531806393e+00 1.086575788177337998e+01 -1.285450239828521823e+01 -1.383696090731670214e+00 -6.620180349394713559e+00 1.935110029576250668e+00 4.232529380493248894e+00 1.009846139874544058e+01 -5.047275367366808041e+00 -4.671115217941655295e+00 -2.615306288228013809e+00 -1.135900381371802492e+00 1.553360249970606510e+01 1.112063779344529912e+01 -5.612857708808447477e+00 -1.791763519105298963e+00 -1.400304554943286650e+00 2.303584921340796399e+00 -9.780403267363393383e+00 -4.631732813698787865e+00 2.383488058025614365e+00 6.690776016068216592e+00 -4.926597991167920298e+00 1.806944047117005780e+01 -1.237842657634538313e+01 -7.537148018510104741e+00 -5.141408461296284038e+00 6.549855039670700485e+00 -1.620102814993758245e-02 -7.282368602575593819e+00 1.923152299798047138e-01 -1.230729294739520441e+01 5.533449850874436748e+00 9.692317490117853040e+00 -7.359933833189106878e+00 1.474262159356869439e+01 -2.376908946422596536e+00 6.817931983097510695e+00 3.050227618037364419e+00 -2.187013613956597435e+00 -2.611473998867307467e-01 3.061036659731552145e+00 1.717731404498863768e+01 5.763635783403118218e+00 -1.217315263825837590e+01 -8.743963328508938204e+00 1.193502151102744691e+01 -8.608587584078548627e-01 -3.736722863320827592e+00 -1.229814331189383481e+01 -2.067077023388606438e+00 1.546075597055587503e+00 4.216925713231881367e+00 -2.353839830417312484e+00 2.237205276196976733e+00 -7.210698580616179854e+00 3.804490327916883796e+00 -8.204399777588029963e+00 1.038766009905850751e+01 -6.682656386214387290e+00 7.519021534096641979e+00 -5.422724110365662042e+00 1.444928010373590332e+01 -3.276449486347218443e+00 1.862875040140999638e-01 -3.197068196770633364e+00
-6.944862968167348605e+00 -3.647001369838554830e+00 2.621259321052710423e+00 3.209823613407763787e+00 -5.164533196845342289e+00 -5.699893303951425461e-01 -1.255752327952039593e+01 4.001305890114681851e+00 8.480611451096207176e+00 1.725873856240686344e+00 -6.569401867867997069e+00 -1.275160366024248226e+01 1.420234570967677534e+01 7.234263977475406726e+00 -6.155478447667152686e+00 -1.277585808834141901e+01 5.091473151174054301e+00 -6.271701891680771190e+00 3.829794498222779398e-01 -3.857773785340261163e+00 6.220363083444438779e+00 5.540487548845832499e+00 7.666802170920179016e+00 1.034089198630573136e+01 1.490757612894576134e+01 -3.464015955314846629e+00 3.067806020306132364e+00 -6.285163177797505440e+00 -2.438705000110047649e+00 8.563673199092832533e+00 2.278532889681806617e-01 3.330761341209132809e+00 -2.723479632327029942e-01 -1.010623530454364172e+01 4.106342221015260030e+00 1.087479768403024316e+01 -1.279915410430033873e+01 -3.631515956359748998e+00 -8.025171800996716343e+00 3.666987809255043640e+00 8.864367701570049718e+00 3.482269028670017086e+00 1.952249302839369260e+00 3.773298605141532924e+00 4.266582831549267318e+00 1.054230881283946353e+01 8.226707938647811469e-01 9.816742984284751117e+00 -5.270341726258761739e+00 1.805950762785182073e+00 -1.351279550597529022e+00 -3.880930645467311341e-02 -1.284650791279198678e+00 1.102773239423824414e+01 -2.535445404235009637e+00 7.395400586727326697e+00 5.828103678843225666e+00 -8.975392643030328799e+00 -1.365853729637573011e+00 -1.168730305161418492e+01 9.331956742610024946e+00 4.168389225629929862e-01 -8.552817932764590125e+00 -1.878769829153201698e+01 1.235549514124584825e+01 -2.140475307152996109e-01 -8.169138806109394579e+00 -6.899031272231480827e+00 3.583929473194531035e+00 -7.755296388768085691e+00 -7.828785429725491518e+00 -2.880180042951033137e+00 -1.020321686278077067e+01 -3.981722258783011004e+00 -5.844737369006008265e+00 1.189246879885178743e+01 5.270034477967742603e+00 2.233543499835065060e-01 -1.713307532720895310e+00 -6.248843294492763434e+00 -1.828745220736481381e+00 5.883472395430856317e+00 5.242303211291448051e-01 -2.814732812109893789e+00 3.219285580188867790e+00 -1.550219369254119428e+01 -5.048655440123048344e+00 -6.971169061019192981e+00 -6.850585507879355163e+00 -5.378955923215454682e+00 -1.558375847266589531e+01 -1.434052656760461453e+00 8.471917546987722147e+00 -9.105717192106091318e+00 5.127542482559734438e+00 7.040261982524998352e+00 -1.170727283624636250e+01 -5.871035298949391912e-01 -7.254053656789031912e+00 1.442691442476986019e+01
-4.563740511009786616e+01 -2.160840725837580933e+01 -2.769650115756832776e+01 -2.355543438749785778e+01 -3.743781964735099876e+01 -2.243312214697255769e+01 -2.443888008031280279e+01 -2.380799395549541586e+01 -7.501914455036308382e+00 -3.486775027552491224e+01 -3.845501650758757251e+01 -1.518027834712679436e+01 -2.341937485109898986e+01 -2.356071425789406604e+01 -4.735102984375194524e+01 -6.624425297940746304e+00 -3.130960967557754770e+01 -2.326016866516939174e+01 -2.565625467928703785e+01 -1.317371563656806721e+01 -2.406670264804964532e+01 -1.320212696727367430e+01 -2.102110165477891357e+01 -1.357044842384067174e+01 -9.027713229872464523e-03 -2.102162733963792363e+01 -1.238905330955008566e+01 -9.658702525438343400e+00 -1.438222715853982159e+01 -1.296198225231266221e+01 -1.420922067744999850e+01 -1.704493087325328915e+01 -2.865865579960981790e+01 -1.152278937727611208e+01 -1.314086142914362476e+01 -4.314216982829695013e+00 -1.829649769167847850e+01 -8.397241542424973559e+00 -5.592464599892823962e+00 -1.419225640350706819e+01 -1.188099041900463781e+00 -4.059788999417976108e+00 -8.376208846008838194e+00 -4.137771222118912462e+00 -1.060028101758381425e+01 -1.596743847290340024e-01 1.989552052610869537e-01 3.649297366233266171e+00 -2.316041061844750448e+00 -9.240862960572696849e+00 6.831114560365088018e+00 6.959764961494848690e-01 -2.925127012074352217e-01 4.490751502507267290e+00 4.513930503152960405e+00 1.388929851050754927e+01 6.814660046417293060e+00 2.447592099679231303e+00 6.405797466486698788e+00 -8.796463541338639391e-01 4.441838046092915882e+00 1.254218445523403247e+01 -3.777410495708797722e+00 5.733204136997085421e+00 5.220414238537120610e+00 8.926069783438192573e+00 8.633822679202797445e+00 1.563493338172074587e+01 1.228860020537750408e+01 7.497078134415687600e+00 1.806443430962569252e+01 2.929553056440191483e+00 9.789850837155892549e+00 1.708848018927372792e+01 2.309306236516746935e+01 1.281391150858284078e+01 2.120280300705892529e+01 2.690419306796646381e+01 1.363303832955194217e+01 2.454124008904728171e+01 1.878474132053127477e+01 1.254693635246032812e+01 2.639238268293757628e+01 2.688646887500007665e+01 1.778002514725678296e+01 2.855851057801725190e+01 1.592366676209608656e+01 2.889784503318081832e+01 2.785544950547969023e+01 3.398882392582905254e+01 3.325592601837479378e+01 3.143220683181909791e+01 3.541096016642268296e+01 4.157792202503588896e+01 2.135726309808552514e+01 3.594101912273183075e+01 3.031877421168881526e+01 3.073374282501543320e+01 1.936473655480441991e+01 6.321211233333403179e+00
-2.572006076088779736e-01 1.639606854871949571e+00 5.716215993280843177e-01 1.058859306943809253e+00 -8.638083319482926514e-01 6.179180820870334712e-01 2.417129842800727957e+00 1.486428984877650628e+00 4.638080175871249766e-01 1.785834162335062425e+00 -9.109216087134055506e-01 1.098011762782760553e-01 3.692821947153848705e-01 -8.391707539892979684e-01 -9.524902609718567392e-01 5.506345035237547592e-01 1.573271760746791870e+00 -1.147548122673951010e+00 6.114286690861647777e-02 -1.472714669912170482e+00 2.972417629949394291e-01 3.042343956848857500e-01 -7.035719285687355162e-01 2.891632877200624452e-01 -1.528325549784978810e+00 -6.566992388105863387e-01 -7.025437587886573798e-02 -2.322793441786716873e+00 -6.520454379443280102e-01 2.144561679906881846e+00 -1.371737973071207817e+00 3.245336940942051385e+00 1.025888827038518025e+00 -1.411108866254638938e-01 3.097730708393109378e-01 1.807141341529587164e+00 -2.007991179967029804e+00 -1.664261764006074173e-01 -8.587795191772038539e-01 7.040264754551954773e-01 6.393275426098178338e-01 1.883750307558024195e+00 -1.101622922457898390e+00 -1.002541138969259782e+00 -4.218855076432022622e-01 -1.470661567361249145e-01 2.886803799101914425e+00 1.790644653083649729e+00 -9.756947861771638753e-01 -4.356966468676392590e-01 -2.736828366439195137e-01 4.182089068247353825e-01 -1.490108201262440701e+00 -9.166092656340687483e-01 2.833780089282577630e-01 8.922712014571062555e-01 -7.221122159424824272e-01 3.141189000091051398e+00 -2.335738272619739320e+00 -1.180191049010755666e+00 -1.379828084004296018e+00 1.146359316313492416e+00 5.725636784291456005e-02 -1.258103617556297626e+00 4.262159622136610371e-02 -2.045306345649394508e+00 1.158931756945689617e+00 2.105148733161547270e+00 -1.466692725184473245e+00 2.588280999103351299e+00 -4.072321137179014672e-01 1.030356290150723275e+00 4.252210436998958842e-01 -3.596172045843979981e-01 -1.477134901167669878e-01 4.764795475413710624e-01 3.038907295265699471e+00 1.016394719372329059e+00 -2.082192960207647214e+00 -1.688127478021766104e+00 1.989051702432597102e+00 2.917866325087271895e-02 -4.679781593536729845e-01 -2.247187388839197553e+00 -5.901268444832862281e-01 3.980779624602131528e-01 4.301968560754974580e-01 -4.359521913905973212e-01 2.102666994661683275e-01 -1.324980283463974562e+00 5.710229318509246754e-01 -1.443968198026672534e+00 1.832526037493243276e+00 -1.432984972565680026e+00 9.572789406558023240e-01 -1.034169355158168546e+00 2.185578263223468376e+00 -3.966651604048693214e-01 3.474337079255806482e-01 -5.937168665935268486e-01
-1.383738915009472104e+00 -2.962009186545454531e-01 6.125117763798816339e-01 2.868086728360209614e-01 -1.120240669354210183e+00 -2.848051495416294987e-01 -2.206965375189893219e+00 8.762193279609288288e-01 1.669075450334969624e+00 1.979324191458399773e-01 -1.036208277760582330e+00 -2.120143353199804626e+00 2.414557755608701228e+00 1.135592922321275955e+00 -1.180833635557550831e+00 -2.188708194266764107e+00 8.370822571603786511e-01 -1.268986683402977711e+00 1.108052886580036950e-01 -6.546684913531969352e-01 9.342541893852713830e-01 7.883008488270921710e-01 1.342163231284528857e+00 1.951555427642669205e+00 2.417397178466971219e+00 -8.174934595223886102e-01 6.388780102565314589e-01 -1.203007529812096355e+00 -4.707002936741110366e-01 1.430940454194276290e+00 8.173000236254844564e-02 5.953069974234859174e-01 -3.122315339863473982e-02 -1.981848586714045846e+00 8.009756420160302204e-01 1.770389824310170557e+00 -1.989461577197014108e+00 -6.441282724778433222e-01 -1.436358635255618799e+00 1.039382162190051861e+00 1.495697793088403893e+00 6.159278849923603971e-01 8.485044703544032674e-02 5.677760054024761915e-01 1.043806512364922057e+00 1.804820426154865043e+00 2.115076695089256886e-01 1.710612681458976603e+00 -8.855216589033696462e-01 4.326823856590134021e-01 -4.270994971006932817e-01 -2.384234303290039547e-01 -1.397839584643312816e-01 2.037555565504168609e+00 -6.876325045073043984e-01 1.271706701221376745e+00 1.300370960357092542e+00 -1.445458974411091502e+00 -3.081695324390842927e-01 -1.829326569529923230e+00 1.301481037598813950e+00 2.129107560632325855e-02 -1.444329753869524113e+00 -3.552746254253595026e+00 2.254553443609283114e+00 -6.503442235194210885e-02 -1.530999810458436361e+00 -1.219514430849405029e+00 7.673568920247546554e-01 -1.480276875320917451e+00 -1.490792204982950730e+00 -1.973097932477795857e-01 -1.693451671577651974e+00 -1.016532653546410536e+00 -1.105222352716589196e+00 2.262112176645984629e+00 9.179772336689928647e-01 2.519807900366512199e-02 -4.977400202691935061e-01 -1.164976441530137352e+00 -1.761264081915336344e-01 6.605563440962560762e-01 -5.704655706758184411e-03 -4.829954632931806602e-01 7.140541239990625400e-01 -2.640209063125467548e+00 -9.000465072298222680e-01 -1.261035563350776600e+00 -1.147367447323174749e+00 -9.151385126996807173e-01 -2.692346421623265318e+00 -5.039850705985812196e-01 1.534958899716705627e+00 -1.675923356140490927e+00 9.427154781874245160e-01 1.169167116989406674e+00 -2.174998413849440926e+00 -7.460083494411123839e-02 -1.091843441464605657e+00 2.154781780701706673e+00
-8.781046804126541261e+00 -4.119918634781549294e+00 -6.039668476463900149e+00 -5.001720923954835918e+00 -7.027798130060910253e+00 -4.770949248233201878e+00 -4.162915003796955560e+00 -4.418692616355137659e+00 -2.492169368489890680e+00 -6.227791566424795811e+00 -6.724065406023882474e+00 -2.730707520188674131e+00 -4.793659185369880227e+00 -4.259248715490626225e+00 -8.411033974267612123e+00 -1.338606653842662642e+00 -5.682493395540603842e+00 -4.676881686642849978e+00 -4.614512761430144216e+00 -2.623858445552176288e+00 -4.296920984771850804e+00 -2.827003866593833958e+00 -3.801257602365309296e+00 -1.896910694278718168e+00 -6.630174700958710865e-01 -4.287609568293746065e+00 -2.254249241084404609e+00 -1.295575952597716407e+00 -3.483343235438337793e+00 -2.144088238473878860e+00 -2.459128213255441064e+00 -3.039794785313117309e+00 -4.705976854008588006e+00 -2.194405793208610067e+00 -2.466076191676582319e+00 -6.575065002388478241e-01 -3.214004237150093868e+00 -1.328355899052718003e+00 -1.187182988923924487e+00 -3.077281617061585983e+00 -3.999710892119775693e-03 -7.743959603529245728e-01 -1.778101865994884845e+00 -8.095075036335456220e-01 -1.699690966194779662e+00 -3.310008279995680924e-01 -9.741076282422319460e-03 6.473390583796387876e-01 2.752206912960469265e-01 -1.070404490099568395e+00 1.218946427608514460e+00 -2.448785189038946986e-01 4.751153353830846471e-01 7.396102306968742601e-01 7.279874110992496927e-01 2.616660027093018925e+00 1.628714060534266705e+00 5.305506061854076139e-01 1.300805241219352926e+00 1.353810110287260171e-01 1.476394354687537991e+00 2.256093007903312131e+00 -3.675957429172641011e-01 1.097548487832324726e+00 5.823306131681986741e-01 1.490996287460252034e+00 1.727094133534047504e+00 3.134373256210160275e+00 1.399069599161105515e+00 9.629180665015948382e-01 3.055546925140718795e+00 1.060841948686957581e+00 1.713156790136884267e+00 3.167806734518522127e+00 4.263172278272183924e+00 2.244653248771682819e+00 3.522209568349777165e+00 4.859236530303395085e+00 2.325006875195653855e+00 4.569702927858156016e+00 3.512816281304013355e+00 2.578146949412900124e+00 5.083292931912862578e+00 5.144175608438293246e+00 3.982702190525925001e+00 4.920017571406559931e+00 3.610819880671600313e+00 5.093094768246778870e+00 4.894088711486001664e+00 6.763661256989521142e+00 6.077362195087860464e+00 5.762420476940763869e+00 6.218552100562110496e+00 7.484228988000495519e+00 3.908413504537510796e+00 6.544568560055560980e+00 5.337921185138188029e+00 6.009968833185395098e+00 4.398896166437188171e+00 1.537288604310393270e+00
2.962401564078269260e-04 5.354080743114755271e-03 8.186253107641689938e-03 2.717361814140199783e-02 7.946030837509144695e-04 1.134746924403443394e-02 5.761307062189547148e-03 1.403459781250985562e-02 -3.933485005265337231e-03 8.333600200409661124e-03 -9.474638457786250384e-03 1.410571069852989499e-03 1.907349438187130484e-03 -2.679063236343993612e-02 1.789830916477025413e-03 1.942757491165662213e-03 1.767432703365210843e-04 -9.583063934640980233e-03 1.071817904023061700e-02 -8.796357112592637778e-03 3.290027191544921473e-03 3.610655267769353940e-03 1.084301703334177372e-02 4.982357280669297457e-03 -9.474065540733492968e-03 -5.564355261197264334e-03 3.541872970687771210e-02 -1.903097371436473714e-02 -7.073281575212790433e-03 1.455682351952927722e-02 -2.159346738986352154e-02 1.067457100567268530e-02 -6.721159359995108364e-03 -3.600617233933150162e-03 -7.470922491784502684e-02 9.626659393068602924e-03 -6.734602663117529760e-03 5.351333351914294365e-03 -1.140283045921084391e-02 7.550127263514014309e-02 1.104352284159689467e-02 1.347444600831257736e-02 -4.600279927816475212e-03 -4.700030676470644264e-03 -3.481109060645593001e-02 -5.890796073327845975e-04 1.622192088767071202e-02 1.340125926953472831e-02 -5.775668953845409202e-03 -2.280934284151987790e-02 6.881492597518943516e-03 3.766976489889680476e-03 -1.328476875284638481e-02 -1.588988741641578911e-02 3.761699982387373565e-03 1.603213567213307390e-03 -1.138678071427388395e-02 1.428076391089977068e-02 -2.380331085906920233e-02 -8.517897011037736665e-03 -1.321803124402843102e-02 1.281227099148019889e-02 1.292414861844582872e-03 -4.354417752553077330e-03 3.438727415720776743e-03 -1.947700883830671623e-02 1.726104911156246813e-02 1.326327202858922950e-02 -1.606722256131822013e-02 4.252777030944500554e-03 -1.215499990192166375e-02 9.548016069345318865e-03 3.053144046468067932e-03 -7.194609185046894721e-03 1.253856599544550705e-02 5.989385910077549627e-03 9.758250999067559148e-03 5.733910168653624968e-03 -1.229833722797482251e-02 -1.108738295124488300e-02 1.125875106577525764e-02 6.199889236072638962e-03 -2.116895186445595222e-03 -1.728015467457782658e-02 -2.223739905959276099e-03 -4.536864106880904995e-03 5.116826966838120515e-03 2.616313549216253958e-03 5.074069225066472899e-03 -6.912600174347013904e-03 9.651312265899159026e-03 -5.153329471362610298e-03 5.114957099282744189e-03 -4.336883173041035204e-03 8.163351402066813117e-03 -4.700893656431579491e-03 5.985396093271531590e-03 -4.117254352480134369e-03 2.380715939705133413e-03 -4.012767092433220566e-04
-6.548714611756061357e-03 1.351744254523838630e-03 -4.199331553582355894e-03 3.574425637505334111e-03 -4.311850757592770172e-02 -9.115297365216237097e-03 -4.490271019339733480e-03 -1.888094753134816114e-03 -6.150167941110645797e-03 -3.503208418752480451e-03 3.472827498264293572e-02 -1.570735470666500405e-02 1.315790251159476391e-02 2.617260208645462178e-03 -3.522200461284333717e-03 -8.619146585159886964e-03 4.453449352187699092e-03 -1.016796604317017627e-02 -5.432755018148153169e-03 3.002544757778238815e-03 1.320411281688587714e-02 2.913877137826826930e-04 2.425358935448877415e-02 1.038434595115705038e-02 8.597791952669353588e-03 -1.066342854077476435e-02 1.010854382636350302e-02 -1.101447463030335791e-02 -1.700192438510223034e-03 6.114264212521020210e-03 -1.922900489399205362e-03 3.019237698801330739e-03 3.315080773750163530e-03 -1.584740163263782114e-02 -5.485489469897064652e-02 1.537263119137563180e-02 -4.863812560637868071e-03 -5.646253145557124029e-03 -1.624369414735260531e-02 8.564694610842665812e-02 1.062035836930081030e-02 4.491281751757458113e-03 3.885230884448862172e-03 1.327106557451757096e-02 1.732434724145450258e-02 1.516925746104978018e-02 -6.852782539092591718e-04 8.907510081135435603e-03 -6.764476114789636299e-03 -1.355327185262787150e-02 -2.869419270784253316e-03 3.552476347514974420e-03 -7.111240113902950015e-04 1.239394192756983204e-02 -1.147993818731492775e-02 1.060085503170756296e-02 1.953877290738151307e-02 -6.534076106610190067e-03 -1.983325268882104100e-02 -1.499045000095065860e-02 1.005748753636842054e-02 6.682257538573612397e-04 -6.349141285694026582e-03 -1.314584669576814024e-02 2.123212803092474829e-02 3.350768256129035838e-02 -8.101385546762518083e-03 -9.023119586723575558e-03 7.932866674701213525e-03 -4.323163321804289472e-03 -1.497354936984015596e-02 -6.646353857183271222e-03 -1.972596779175898873e-02 -2.853792828258821298e-03 -1.144868886001008772e-02 1.448531412635283878e-02 2.261138400757645595e-03 2.167289281052608031e-03 -1.041575985665063597e-02 -1.118477400722172818e-02 6.534985099477464343e-04 1.081185638680422223e-02 1.541790089070512078e-02 -1.685661578568930369e-03 -2.602129319672896127e-03 -9.297554442617060599e-03 -1.826442376888735885e-03 -1.145771600311960500e-02 -1.061001403662452901e-02 4.849979389108890863e-03 -1.010812343609628419e-02 -2.117909839643960113e-03 5.273691164194546470e-03 -8.439538847662648308e-03 5.408365537877225446e-04 7.782211747744104298e-03 -6.623571663943612735e-03 -6.935849385879827231e-03 3.004467536232346969e-03 1.294494935980007415e-02
-1.472405053668505819e-02 -3.965628825919658568e-02 -5.273559533576257369e-02 -6.959534756650820331e-02 -5.870903184228740135e-02 -2.510193531115673810e-02 -1.106536149638621090e-02 6.834915946734053567e-03 -5.056529413980053594e-02 -1.125438458181002646e-02 5.088050944361936778e-02 -2.834507962054264030e-02 -1.704700771133470585e-02 -2.590363015329119611e-02 6.840853894838886187e-03 -3.122970963546694428e-02 2.778670605092367716e-03 -1.516527586530930574e-02 1.189392238840995472e-02 -3.841007297966640005e-02 2.264919585235233498e-02 -1.748301129888646666e-01 1.609019374128294391e-02 -1.650702818702096467e-02 -2.899434724295951379e-02 1.253286180050427155e-02 -6.021383627513113984e-02 -1.469176727880935722e-02 -1.047722569951559796e-02 -5.139584239003886119e-03 1.006674001772883860e-02 5.311429157054026358e-03 3.613438433171423103e-02 2.573618167707618365e-03 3.987264181669772367e-02 -1.410479248428507179e-02 8.890045111825140359e-03 -1.097288194175059274e-02 -1.250191640952365985e-02 1.395326941384000541e-01 -2.360631668811362729e-02 -3.415743306522707988e-03 -6.590566768755675396e-03 -1.209807812982154930e-03 4.587620180822458288e-02 -6.158153027483423934e-03 -5.222266967639673831e-03 -6.829653042173473680e-03 -2.539186884396973758e-03 8.570912505875842580e-02 -3.510711883954902718e-02 -4.144801902073576468e-03 1.014882345030345377e-02 -8.025513645131081286e-02 -2.864703105652315583e-03 -2.666152513445522315e-02 -1.119590278303590931e-02 9.525731318169899020e-04 -8.177564391364113006e-03 1.677459480066945119e-02 7.108864693561399439e-02 -1.323991798562469853e-02 3.918785862502867368e-02 5.802119616531823537e-03 1.636983096799671938e-02 1.298732634381092113e-02 -9.549648997097060291e-03 -1.390793936934925541e-02 1.662448736319619607e-03 1.282277380655701474e-02 -4.176309877119845082e-02 4.192025004286040885e-02 3.091449168475414455e-02 -1.826590004641569145e-03 -1.877807565923941824e-02 1.256788869465238698e-02 -1.373908288229276024e-03 -1.227894060940509617e-02 1.700015745084953317e-02 -9.228337635438049052e-03 1.127260357437107063e-02 3.185436783153502288e-02 -4.082085823100579068e-03 3.836985164397387418e-03 2.483577858300654168e-02 -2.035652636908465412e-03 3.565481661958017079e-02 -2.313316688290612596e-03 2.108294000892168424e-02 -1.661481790769342394e-03 1.086784157139025243e-02 1.640253046741250650e-02 6.675800267693506214e-03 6.521188430034437558e-03 2.838816407953593732e-02 1.145638220435738278e-02 1.501386760961769332e-02 3.898371347703821072e-02 6.768098082124270054e-02 6.076366900092197709e-02
