# 
#                 ----------------------------------------------------
#                 Data from a 3D direct N-body simulation. 
# 
#                 rows are i-particle; 
#                 coumns are :mass, tag, x ,y, z, vx, vy, vz, ax, ay, az
# 
#                 NTHU, Computational Physics Lab
# 
#                 ----------------------------------------------------
#                 Time = 0
1.000000000000000000e+00 2.000000000000000000e+00 3.000000000000000000e+00 4.000000000000000000e+00 5.000000000000000000e+00 6.000000000000000000e+00 7.000000000000000000e+00 8.000000000000000000e+00 9.000000000000000000e+00 1.000000000000000000e+01 1.100000000000000000e+01 1.200000000000000000e+01 1.300000000000000000e+01 1.400000000000000000e+01 1.500000000000000000e+01 1.600000000000000000e+01 1.700000000000000000e+01 1.800000000000000000e+01 1.900000000000000000e+01 2.000000000000000000e+01 2.100000000000000000e+01 2.200000000000000000e+01 2.300000000000000000e+01 2.400000000000000000e+01 2.500000000000000000e+01 2.600000000000000000e+01 2.700000000000000000e+01 2.800000000000000000e+01 2.900000000000000000e+01 3.000000000000000000e+01 3.100000000000000000e+01 3.200000000000000000e+01 3.300000000000000000e+01 3.400000000000000000e+01 3.500000000000000000e+01 3.600000000000000000e+01 3.700000000000000000e+01 3.800000000000000000e+01 3.900000000000000000e+01 4.000000000000000000e+01 4.100000000000000000e+01 4.200000000000000000e+01 4.300000000000000000e+01 4.400000000000000000e+01 4.500000000000000000e+01 4.600000000000000000e+01 4.700000000000000000e+01 4.800000000000000000e+01 4.900000000000000000e+01 5.000000000000000000e+01 5.100000000000000000e+01 5.200000000000000000e+01 5.300000000000000000e+01 5.400000000000000000e+01 5.500000000000000000e+01 5.600000000000000000e+01 5.700000000000000000e+01 5.800000000000000000e+01 5.900000000000000000e+01 6.000000000000000000e+01 6.100000000000000000e+01 6.200000000000000000e+01 6.300000000000000000e+01 6.400000000000000000e+01 6.500000000000000000e+01 6.600000000000000000e+01 6.700000000000000000e+01 6.800000000000000000e+01 6.900000000000000000e+01 7.000000000000000000e+01 7.100000000000000000e+01 7.200000000000000000e+01 7.300000000000000000e+01 7.400000000000000000e+01 7.500000000000000000e+01 7.600000000000000000e+01 7.700000000000000000e+01 7.800000000000000000e+01 7.900000000000000000e+01 8.000000000000000000e+01 8.100000000000000000e+01 8.200000000000000000e+01 8.300000000000000000e+01 8.400000000000000000e+01 8.500000000000000000e+01 8.600000000000000000e+01 8.700000000000000000e+01 8.800000000000000000e+01 8.900000000000000000e+01 9.000000000000000000e+01 9.100000000000000000e+01 9.200000000000000000e+01 9.300000000000000000e+01 9.400000000000000000e+01 9.500000000000000000e+01 9.600000000000000000e+01 9.700000000000000000e+01 9.800000000000000000e+01 9.900000000000000000e+01 1.000000000000000000e+02
2.000000000000000111e-01 2.000000000000000111e-01 2.000000000000000111e-01 2.000000000000000111e-01 2.000000000000000111e-01 2.000000000000000111e-01 2.000000000000000111e-01 2.000000000000000111e-01 2.000000000000000111e-01 2.000000000000000111e-01 2.000000000000000111e-01 2.000000000000000111e-01 2.000000000000000111e-01 2.000000000000000111e-01 2.000000000000000111e-01 2.000000000000000111e-01 2.000000000000000111e-01 2.000000000000000111e-01 2.000000000000000111e-01 2.000000000000000111e-01 2.000000000000000111e-01 2.000000000000000111e-01 2.000000000000000111e-01 2.000000000000000111e-01 2.000000000000000111e-01 2.000000000000000111e-01 2.000000000000000111e-01 2.000000000000000111e-01 2.000000000000000111e-01 2.000000000000000111e-01 2.000000000000000111e-01 2.000000000000000111e-01 2.000000000000000111e-01 2.000000000000000111e-01 2.000000000000000111e-01 2.000000000000000111e-01 2.000000000000000111e-01 2.000000000000000111e-01 2.000000000000000111e-01 2.000000000000000111e-01 2.000000000000000111e-01 2.000000000000000111e-01 2.000000000000000111e-01 2.000000000000000111e-01 2.000000000000000111e-01 2.000000000000000111e-01 2.000000000000000111e-01 2.000000000000000111e-01 2.000000000000000111e-01 2.000000000000000111e-01 2.000000000000000111e-01 2.000000000000000111e-01 2.000000000000000111e-01 2.000000000000000111e-01 2.000000000000000111e-01 2.000000000000000111e-01 2.000000000000000111e-01 2.000000000000000111e-01 2.000000000000000111e-01 2.000000000000000111e-01 2.000000000000000111e-01 2.000000000000000111e-01 2.000000000000000111e-01 2.000000000000000111e-01 2.000000000000000111e-01 2.000000000000000111e-01 2.000000000000000111e-01 2.000000000000000111e-01 2.000000000000000111e-01 2.000000000000000111e-01 2.000000000000000111e-01 2.000000000000000111e-01 2.000000000000000111e-01 2.000000000000000111e-01 2.000000000000000111e-01 2.000000000000000111e-01 2.000000000000000111e-01 2.000000000000000111e-01 2.000000000000000111e-01 2.000000000000000111e-01 2.000000000000000111e-01 2.000000000000000111e-01 2.000000000000000111e-01 2.000000000000000111e-01 2.000000000000000111e-01 2.000000000000000111e-01 2.000000000000000111e-01 2.000000000000000111e-01 2.000000000000000111e-01 2.000000000000000111e-01 2.000000000000000111e-01 2.000000000000000111e-01 2.000000000000000111e-01 2.000000000000000111e-01 2.000000000000000111e-01 2.000000000000000111e-01 2.000000000000000111e-01 2.000000000000000111e-01 2.000000000000000111e-01 2.000000000000000111e-01
-1.455562250437518301e+00 -1.515191748903368829e+00 -1.033545235227682602e+00 8.258389604325158118e-01 -9.547866693765075796e-01 -8.846858025486049604e-01 6.366530309372515906e-02 5.229863348269240264e-01 9.639808776743442609e-01 -3.962559074805130366e-01 2.719645632603763019e+00 -6.482208318549530501e-01 -1.635455748753988914e+00 -3.406841218344236477e-01 1.234444120792579924e-02 -2.048702442248245603e+00 8.446733222472134761e-01 6.609247549248722930e-02 1.026335071343792288e-01 2.667345464716224690e+00 -4.958590972477538994e-01 -4.620066496499098396e-01 -3.360443105574777434e-01 2.040899350063628326e+00 6.167319447056158754e-01 -9.193824340538827578e-01 -2.388102179797123858e-01 -2.760590758340737416e+00 -8.658680583322569957e-01 2.777197908133638427e-02 -2.785185062168730741e-01 -4.614077644620718233e-01 -4.753874652267449097e-01 3.023302717554838259e-01 -1.611230698458059774e+00 1.222482922146795659e+00 -1.010634811385464765e-01 7.432434352361680929e-01 -1.371115685049496824e-01 -4.377425810834800202e-01 -3.702761959788679613e-01 -3.621639226141591394e-01 -3.264846411217908195e-01 -1.331744319792491194e+00 -5.687960219791081684e-01 1.947594274363525502e+00 1.303411236349392377e+00 -5.037148471452748133e-01 1.361913130640649117e+00 -2.603807270681626207e-01 -4.635968952683741651e-01 -3.907723225725497351e-01 -1.455705978374404630e+00 1.479221311346724743e+00 -1.984889331438083326e+00 -3.803247985624678695e-01 -1.650791952591460277e+00 1.976250578129390145e-01 3.373569993146899315e-01 -5.245358148069190207e-01 -6.715287183032825347e-02 -2.698076130579433407e+00 8.342285888890147438e-01 -5.496805889410355528e-01 1.493562280056134339e-01 -3.851096403275421909e-01 6.422577945013214773e-01 -3.217487913925238807e-01 1.404561115016393469e+00 1.940073921729919548e-01 -1.062696055509656956e+00 8.949120175092439844e-01 3.158980025621133114e-01 1.045331799296498998e+00 1.769322703356258408e+00 9.660676143636657276e-01 1.216872306531415537e+00 6.761458795613849437e-01 -5.216556152617612963e-02 -1.864865762892615964e+00 -4.933629145623363854e-01 6.283497363850796269e-01 -1.721880693271175433e+00 -9.016650352487719511e-01 3.290720516372132032e-01 3.873841941180640736e-01 6.266098503830323796e-02 -7.508461972156631470e-01 -9.292937995082517499e-01 -1.098079658788090551e+00 -4.464267301089824280e-01 1.817409900309111981e+00 -1.090090339040741485e+00 1.812200999087777653e+00 -3.262773132615895411e-01 5.523242500240375108e-01 -4.456601436665740268e-01 1.465910950769159005e+00 -1.391106091348786267e+00 2.907726417738646929e-01
3.760488246642266774e-01 -9.899383909371911594e-01 -3.020729300729365074e-01 1.506877850438068434e+00 -1.276368978822575828e+00 1.062655435032318296e+00 1.045925404126934355e+00 4.469880691569155240e-01 6.133163397678452755e-01 -1.474498683939393429e+00 3.465165273471285112e-01 1.383456558120691016e+00 -3.095113756301522412e-01 -7.779757482081722797e-01 -4.730170906482090987e-02 2.068551978931886026e+00 -3.912860665323249498e-01 1.151425198687141993e+00 -3.725991204826773484e-01 1.696475939434155755e+00 -2.325441832110741389e-02 -6.139838468739978738e-01 -4.618117140747777793e-01 -9.629215997565532259e-02 -1.208185923855353838e+00 1.204561546831183438e+00 9.216269726251986594e-01 -1.567794569625868550e-01 1.833734802221723248e+00 7.240458547360923980e-01 -4.514176382993188574e-01 -1.146286045359338868e+00 -3.406344645907850854e-02 -5.012472092030753057e-01 -9.647399501912403696e-01 1.206900769335773616e+00 -1.265092123127098178e+00 -1.857003883281775902e+00 5.346938107924478212e-01 1.248729857686503797e+00 2.664257232052478219e-01 -8.763938901948167270e-01 -1.164040620397366159e-02 -1.183069800926523252e+00 1.870571045497835705e+00 6.193288930630689304e-01 -1.094973467281568968e+00 -1.040189345492802619e+00 -6.708055516753047565e-01 1.568656667419990436e+00 -4.212039883745348767e-01 -2.610215640091793077e-01 1.465819267318989594e+00 1.244936460967872582e+00 -1.243264275665884266e+00 1.380884808917072215e+00 1.740031733686484117e+00 -9.995032033403059568e-01 4.744369013041747074e-01 7.277041892448852245e-01 2.376279258073364306e-02 5.101814968417048846e-01 9.658062683792383307e-01 -2.790860185410458660e-01 -2.671559727900816306e-01 4.145001099949866541e-01 6.160023151623419402e-01 8.290754904936303848e-01 -6.316125909839203079e-01 -7.576230304142860250e-01 -2.742062596821003284e-01 -9.368366052119710963e-01 7.211546572234684982e-01 2.885793095295828836e-01 4.240101090297976327e-01 4.654663327637203335e-02 1.625200803532977245e+00 2.077902929119861852e+00 -1.196987298801418076e+00 1.257840653450519985e+00 -1.055823415217349126e+00 -8.038052311538756989e-01 1.114914630897684555e-01 -9.545693891362554417e-01 -1.091827709717502426e+00 2.367014316527479512e+00 -2.291069425945437554e-01 8.092326633229723898e-02 -2.208762235209317915e+00 -8.196335693860055116e-01 2.259756369530610820e-01 1.787255027113064054e+00 1.378159437306467894e-01 2.902275469928897178e-01 -2.315384308882376396e-01 5.862722130333566373e-01 1.247560294017864946e+00 -4.024635806192897181e-02 1.328304315374335409e-01 -6.892678728334892257e-01
4.190699908142050262e-02 2.544964221657149972e-01 -8.957658610508405506e-01 6.362263458131817151e-01 1.612230780104282779e+00 -3.289903457700326106e-01 -6.518306180095595481e-02 2.539442149492834311e-01 -3.588115860246451350e-01 6.705940898111024673e-01 1.005539435501647150e+00 -8.146590100694798275e-01 4.335041069737509689e-01 1.030925070009488381e-02 7.718307476023883451e-01 4.455084624038559982e-01 1.002390478064199564e-01 1.721609554335518100e+00 -7.742668987330223462e-01 -1.629960774066266938e+00 7.990475863639151521e-01 -4.880044951410723586e-01 -7.196774930597463205e-03 8.774540015573969454e-01 5.214589976028823903e-01 -4.231667498586352272e-01 5.173389769971394880e-01 -6.772666636634132320e-02 3.765484682421235685e-01 9.344624413911168936e-01 -4.416521716807488840e-01 3.770382683405740232e-01 -1.377111817504174773e+00 -1.332595487340912932e-01 1.060750559437440010e-01 1.412294274071278943e+00 1.528809958053565010e+00 9.473778236372475403e-01 -4.497944641452788495e-01 -1.117099381725700447e+00 -7.339683930364766518e-01 -1.760421543045690151e-01 -3.279606296748998062e-01 -2.219823708608620993e+00 1.086130164682451715e+00 -8.411451139549140921e-01 -2.020700610443352030e+00 -3.153727685489826627e-01 8.373620546141755661e-01 1.448847461796676783e-01 -7.196922730988155603e-01 2.456940368237287842e-01 -1.356067286962146179e+00 3.232840617518354387e-01 -5.349645404713364583e-01 4.305612293479303410e-01 1.081565172677580566e+00 2.210386207299641081e-01 -9.754095974358938381e-01 1.427114643025232610e+00 4.055248109977940829e-01 -7.521572002006540747e-02 6.905295095764550917e-01 8.345934841273848492e-02 7.805974353632336715e-01 1.064769999357197960e+00 6.958788366303355621e-01 1.121438827822282436e+00 1.087781831701905899e+00 -9.066640160684525940e-01 -1.210057734498820148e+00 -7.561839952411326671e-01 -5.024839579569593262e-01 -3.471433500808713268e-01 -5.089637532036576095e-01 -9.100800193112967840e-01 1.573629646315824138e+00 2.372180832814808848e+00 -1.716248858883494766e+00 -1.845066019694764636e-01 -1.150475621348485550e-01 -1.131823339771773851e+00 9.417335743616480626e-01 3.155714336394178643e-01 -5.334834851337424411e-01 1.803874373263055553e+00 1.958965811708605731e+00 -5.191509643040660427e-01 2.821280678741580616e-01 -2.301755727082284431e-01 -1.525920433778440000e+00 -4.946250930043402660e-01 5.510486590951759744e-01 -3.296293146932428864e-02 -1.168018041045387201e-01 2.373835136882680885e+00 -5.933658642175757697e-02 1.242878899336597565e+00 -7.960409928396336987e-01 6.101802880674682683e-01
1.021421204533071503e+00 -1.046473448525605088e+00 6.959047103958145852e-01 -8.758396349262211888e-01 -4.180771729265029268e-01 -1.116709058091903239e+00 1.157845709161866576e+00 5.868058128887696512e-01 2.386048846878299490e-01 9.083373060060242477e-01 1.026040021567647606e-02 2.203811427574639659e+00 4.118005020398562421e-01 -2.638134538044979438e-01 -6.560562490156203186e-01 -6.203108087532304138e-01 2.834871782447996244e-03 -2.038878996695591805e+00 7.523906569893077378e-01 6.530327561745598031e-01 1.407899279969055506e+00 -4.650126333329733797e-01 -6.346005820571111178e-01 6.724837963351836256e-01 -2.040455153937568711e-01 -2.764202689217226117e-01 -1.899045820606542589e+00 -2.461158507351132174e-01 2.462288873655615884e-01 -1.093524521643064462e+00 1.582314933057323403e+00 8.283269190818367544e-01 1.454978453630989099e+00 -8.261221425941244201e-01 3.945176514852448135e-01 -2.730851957791630147e-01 2.134476408159557081e+00 -1.520714844331282345e-01 3.298760793095587007e-01 -5.857043870445508560e-01 -6.519583820058088008e-01 -1.838460288549749189e-01 -9.429633019590560883e-01 -1.454354687326061324e+00 4.041924077449855490e-01 3.676983818985452013e-01 5.099942113910803654e-01 2.707538844535264944e-01 -1.111187206416158757e+00 -7.477508167808788464e-01 -1.915355288599205896e-01 -1.601267601956966269e+00 -9.922406199818446515e-01 -4.715320246257304615e-01 1.827232851223189902e+00 -1.571525120023887223e-01 9.457409211502486590e-01 3.429677539034974298e-01 3.203991351955072786e-01 -1.203269224523514813e+00 7.705231655114067046e-02 4.938489369087602394e-03 -6.391855877511952722e-01 -8.162026384950228364e-01 5.244549157001292539e-01 1.613212883942857445e+00 1.835494914183231907e-01 -1.625404164687785716e-02 2.166642522915396829e-01 1.454501806433591282e+00 1.236404551601225366e-01 -1.747677519892195219e+00 -1.221846220024934926e+00 1.722356196534778894e-01 5.836800130690701360e-01 1.270258264392722103e-02 -5.284734710718601569e-01 1.274494994397982195e+00 7.047119482364794241e-01 9.448184769287111262e-01 -3.355147873753848153e-01 3.633589991359297833e-01 -6.003922852745408045e-01 8.932203429137862694e-01 5.217996143147605181e-01 -8.731956306092815423e-02 5.181340170713421012e-01 -4.160551253685163542e-01 4.682461198673282810e-01 3.905187418271149902e-01 -7.332149075606487765e-01 2.399777845082964600e-01 1.104944872279868040e+00 2.666132994753477869e-01 4.909577286310626842e-01 -6.958716335701675693e-01 -3.348759975776105513e-01 1.307814216430598808e+00 -4.580283784095428024e-01 1.293954374975651911e+00
8.240622524847195374e-01 -1.137033669306462880e+00 -5.756722571366458263e-01 1.235816452577559177e-01 9.532966496503700871e-01 -7.351472163081052003e-02 8.513741669348698915e-01 -1.243513964450642106e+00 -1.228924776630037075e-01 1.479652876731204048e+00 3.349434867357380941e-01 5.564690473495833567e-01 -1.888335671449618836e-01 -6.807852974289927417e-01 2.491619278720531572e+00 1.853610506875416619e-01 1.287179383262445631e-01 -9.930578710238686657e-01 2.665135748568392415e+00 8.840048271956684189e-01 -3.780589954853995349e-03 -2.397390513636254106e+00 1.253782355146374927e+00 8.544245454671707263e-01 -5.595403414190427416e-01 -3.770063288682871661e-01 4.177499718034586307e-01 -4.661620809779946084e-01 -1.293562445771294367e-02 -2.127974523460784084e+00 -5.824454894831573304e-01 3.254240680336183966e-01 3.148716322747125429e-01 1.552816815703944142e+00 1.307134436765541585e-01 1.233580580441688168e+00 5.601372813771549053e-01 -7.666698977710667551e-01 4.024244879995676483e-01 9.005399542854515271e-01 -1.495358237939673485e-01 2.005199212756282989e+00 1.462112595372890289e-01 5.554834511772633876e-01 -1.479360874904378509e+00 -2.701087450051532501e-01 -3.331720667063141073e-01 -4.903961855218826882e-01 5.367063186577167855e-01 3.318514445081086617e-01 -1.917807265110486492e+00 2.005853925518957581e+00 6.786192233076785429e-01 4.368158641779629758e-01 -8.971531426142292931e-02 -1.466523237076550856e+00 9.324210337815768135e-01 3.583073793463248946e-01 6.308802322471978030e-01 2.883998682687967663e-01 -8.908810818628990491e-01 -3.608010686687713325e-02 5.754669496273606688e-01 -2.737519436148382335e-01 2.402660745728302794e-01 -2.696390228337937622e-01 7.606271776267958806e-01 -8.474115322163925379e-01 1.069869978737251204e+00 -6.536752242794550138e-01 1.358727856359115638e+00 2.585826547542914300e-01 -8.056691870829777585e-03 1.291296634507956620e+00 1.058388556243318623e+00 -1.542535643725077898e+00 -1.301146844425810599e-02 2.317066532045888749e+00 -4.956819994770005344e-01 -1.723052682157670601e+00 -6.689827959283892733e-01 -2.214648045053261571e-01 -1.210956773266437470e+00 3.259536806746949900e-01 4.028675121038464146e-01 -5.732575045480581971e-02 1.704627969744753280e+00 3.548320843629695354e-01 1.416080820263911688e+00 -1.234771411774731875e-01 3.877607769466198673e-01 9.493851883936718083e-01 -7.160699987921397280e-01 1.468292489342385432e+00 -1.083823239819964313e+00 -1.398064104634552773e+00 -2.727527658340872740e+00 4.760060233028619026e-01 1.744087064550282840e+00 -3.952006817259756666e-01
-4.273456292569376425e-01 -1.535107777027223452e+00 3.988116930406075400e-01 -1.058500823126286017e+00 1.687620947291926576e+00 5.235151956410813989e-01 -1.747136469811090276e+00 3.390198085261590943e-01 -5.644494417485304005e-01 -3.787499313696136571e-01 -1.017251637448740864e-01 -7.861293570375704753e-01 6.616278261709600539e-01 -3.011476510062509160e+00 -1.264694502964357259e+00 -5.236256861426451525e-01 1.734653883487220938e+00 -3.297433706698535416e-01 5.249443981011608917e-01 -7.871359761956405743e-01 3.676600288404527350e-02 9.030034673904963061e-01 1.174493466969721789e+00 8.722853251630195981e-01 8.513736922420231945e-01 1.822031276139247091e-01 -1.938941556165105329e+00 4.173614460851380326e-01 -2.004446658919547097e+00 -8.994313749611514419e-01 -9.377902866029899087e-01 -1.881953674706116075e+00 -6.692318351037001012e-01 -4.392312338829796881e-01 4.086089694328393779e-02 -1.180955540294627681e+00 -7.193874467593163180e-01 -4.244329179428131815e-01 -8.195675309776525586e-01 3.818784672256630985e-01 7.776147565410292950e-01 8.531893579155932494e-01 7.621561832739808251e-01 -2.101364017258761652e-01 1.845654990802503281e+00 1.646791414909098750e+00 1.356673862983602374e+00 -1.992234560471983329e+00 -1.151876049407147162e+00 1.767441431803748464e-01 6.277708337418951290e-01 -1.006470492134234673e+00 1.308060949387778615e+00 1.558220905468235440e+00 -6.643897021687139581e-01 -9.043144911970214528e-01 -1.104777656690422827e+00 1.439261406851561897e+00 -6.065340942580311756e-01 9.553719516583364380e-01 -1.827609815673942317e-01 1.838411918346678053e+00 7.748371148471476788e-01 5.703866751969546289e-01 5.155569786628662055e-01 -5.945348961902803264e-01 1.186882077075883668e+00 -2.414672711864806198e-01 -6.990670059073780251e-01 -6.451368412180662482e-01 3.022581112075050647e-01 4.334191196358200826e-01 3.981414177288318257e-01 1.030033896105004398e+00 1.176077274831397013e+00 1.425473296978270410e+00 1.326438941456245413e+00 3.458318202438927513e-01 -2.637265178302665714e-01 1.334987756659299363e-01 5.666259204230880142e-01 1.679470956830806827e+00 -3.803419153090447091e-01 5.518206975359497835e-02 -1.050165568591578502e+00 -1.718533635019835748e-01 1.202965898310998094e-01 -6.495993036710262514e-01 -7.783754091186394497e-01 7.197384902981511789e-01 5.793284404099279250e-01 -1.147526011489112818e+00 8.149704535507137360e-01 1.220199450775120820e+00 1.053843206716160275e+00 6.817806910740912274e-01 1.466972375360299230e+00 1.795566102895761906e+00 2.251863406841392579e-01 6.189832349238539866e-01
1.781159517605651332e-01 -3.736771578947147177e+00 -3.088854643482790596e+00 -3.841376172550302615e-01 9.958599024152511303e-01 -1.399404006182046745e+00 5.399918317078429286e-01 -2.201384566926971875e-01 -3.782148249421113384e-02 -3.905712777975380301e-01 -4.743262394205982058e-01 2.903937787167554796e-01 6.043043820451641235e-01 -1.588055533335219982e+00 -9.845105500003865640e-01 -1.186975460028373980e-01 -6.691515587545399102e-01 -7.811324825302826680e-01 1.453154195356202605e+00 4.089928862598297132e-01 6.354803155491556277e-01 -9.771475842005040713e-01 1.330017763632532102e+00 -1.144438161276742083e-01 -8.220083830756447218e-01 -4.217304578581794194e-01 -2.051364894011346585e-01 6.139164731558038185e-02 -1.583051945742880440e-01 1.002271300143549038e+00 -1.670980119837792710e+00 -6.182152099539176549e-01 -3.301089448696374884e-01 7.515773766490912999e-01 4.426849068291163647e+00 1.040936812073747220e-01 2.757547825338469982e-01 -1.746190873578771230e-01 2.904769311878066529e-01 -1.046918249573034476e+00 4.716164276049985005e-01 4.777549397032717082e-01 -2.041589328144600146e-01 -1.827071974001357457e-01 4.431935379843437439e-01 7.324813086297101705e-01 2.457243347665737099e-01 -5.538510297066916443e-01 -1.794321049882149577e+00 4.896952748477309547e-01 1.980846005217750117e+00 -2.328518794123866975e+00 5.150575103050790693e-01 1.679868732260407782e-01 1.414848742057528141e-01 -4.828630798861635043e-01 -2.824502951467955936e-01 9.251489117461932921e-01 -5.620790667830943832e-01 6.404540646652526759e-01 6.146465731332290128e-01 1.135154775616897121e-02 4.422881882894763583e-01 2.228974444871289151e+00 1.282900908656749106e+00 -9.571481927931371203e-01 7.422937501910299440e-01 -1.524675634638841482e+00 2.388423965156749595e+00 -1.093111263669071853e+00 2.500064042075933912e+00 -1.023853814039018761e+00 -4.699109753716242954e-01 -8.483133147868270330e-01 -1.335861496392098280e+00 -6.894965139129075604e-01 6.700398049444795667e-01 -5.873941969745258285e-02 -1.137816109207266391e-01 -4.651807821255080078e-02 3.091974058510925105e-01 -4.398516695639558827e-01 -5.140771426365138286e-01 -1.599273705155549896e+00 -9.144146397967546358e-01 4.286810145547348960e-01 2.605837273239688945e-01 8.517611800933664323e-01 -1.574822874915619147e-02 -7.297372426356101005e-02 6.444797588256817589e-01 -5.178249206329004206e-01 -5.973081401048400130e-01 4.495963102030134384e-01 -1.736739270913436384e+00 6.885436738530142931e-01 1.444747720809562708e+00 7.168684351178693515e-01 6.921053331153983468e-01 9.791862554355295067e-01
1.943586284138885262e-02 1.355584846464016335e+00 1.289430944089602793e+00 -5.621953351866049164e-01 1.063486095103189477e+00 3.049996670086885242e+00 -4.022125171818619616e-01 -1.101894888704056275e+00 -2.327006339066582385e-01 2.124838290031052956e+00 -5.455534084780416099e-02 3.757747563313396100e-02 -7.618113609290684263e-01 -3.054447230001126279e+00 -4.831670418101033926e-01 -1.020379075309029854e-01 1.119863155181682716e-02 -1.056024452691159299e+00 -1.441352561745152805e-01 2.134559526431324683e-01 -1.897469182291298351e+00 6.919388547483290575e-01 1.634371671015184546e-01 2.287516050419239610e-01 5.662339129951596828e-01 -3.512845602429013780e+00 5.251801964599264183e-01 -8.703824279072205905e-02 -1.274437638789436278e-01 -8.097151119260553864e-01 -9.160190441830657893e-01 1.219142970918438706e+00 7.077551633192507019e-01 -5.042677494739251642e-01 -1.131759292418948570e+00 -7.977192274898329272e-01 3.960697714144901238e-01 1.644516017724588219e-01 2.866260992077698799e-02 3.485256273167437469e-01 1.421231516451292753e+00 1.151987895964663222e+00 1.546824704181210430e+00 -1.113010068880685155e-01 -1.947237295449857075e-01 6.348064846901519953e-01 -2.242043210519626961e-01 4.097103374844845547e+00 -1.976871964735746001e+00 9.800429738896702103e-01 -3.173244442127307607e+00 1.799006988932481121e+00 -8.903825656748959316e-02 2.798972294572754649e-02 1.633171802112082793e-01 -8.694101694187574836e-01 -5.269865622100532859e-02 -1.900523846767127045e+00 -5.873406568455773469e-01 -1.604065022448159794e-01 -1.716194191047954454e-01 1.656828065415582446e-02 2.204970147361223765e-01 1.706299140407263604e+00 -8.458656594286475539e-01 1.031926585611616209e+00 7.014115531949448590e-01 2.329649832612443461e-01 1.468966144305694721e+00 1.412930011554841769e+00 -1.410590503640419158e+00 7.506210385740287316e-01 3.710756169270091331e-01 -3.970573694835391465e-01 3.064492307547090483e-02 6.965754263778535238e-01 8.964957373789567141e-01 1.020901173897945213e+00 1.117860965415439667e+00 3.391454891507088981e-02 -1.654859606284086126e+00 8.603915425470576306e-01 2.806853296891696492e-01 -3.966140733745390223e-01 7.325002870142230567e-03 6.148555760489682331e-01 -4.750973128457692818e-01 8.959832952720889199e-02 -1.713118823578225203e-01 -6.688129076711210041e-01 -1.552821553730870940e+00 -3.135620742315005649e-01 5.243083613342066629e-01 -8.443820419109963060e-01 -2.367532692385647675e+00 2.373763861000095787e-01 8.906788658772260003e-01 9.491387032462114681e-02 2.747945923200589835e-01 5.209137677572768521e-02
-6.202602868291495319e+00 -8.913900260255767094e+00 -7.119322327915301507e+00 -5.049154168419450528e+00 -2.476572663461167778e+00 -1.081012508225548885e+01 -6.917301354767044330e+00 -6.766064887126401750e+00 -6.481040320828662438e+00 -4.953990876566232160e+00 -1.974272599253181104e+00 -4.033117491583794845e+00 -3.998826632806803616e+00 -1.434693157233139260e+01 -8.891507129951216726e+00 -1.837559626902162790e+00 -5.024071104460185566e+00 -2.778006138305566086e+00 -7.475188146285068669e+00 -8.596940802651585889e-01 -4.418310627867573892e+00 -1.091615001027618348e+01 -1.015148842616110869e+01 -1.979542457923866072e+00 -3.272636034117474946e+00 2.395251588257736763e+00 -3.991402686996968097e+00 -1.428451207134591838e+00 -2.206078630481623115e+00 -3.587304518048838542e+00 -3.829239602284800537e+00 -3.047361826940616414e+00 -3.779973788553736114e+00 -2.680683180052502834e+00 1.789211428947970139e+00 -1.870417654490631909e+00 -5.103563038913487837e-01 -3.459935199157233021e-01 -3.028477642643418122e+00 -6.756629197071778448e-02 -1.213459763574173511e+00 -3.937250549260394195e+00 -1.149316926764593294e+00 -4.331076762994487406e-01 -5.990422038387436254e-01 -1.195715391164254626e+00 -3.137546434465173784e-01 1.634289493971147866e+00 -1.013981941271406395e+00 -4.945870681611681530e-01 3.140759446997588356e+00 -1.707026204280172488e+00 5.148674546189715429e-01 8.708785232964305623e-02 2.877680744466244445e-01 2.540852629733136414e+00 6.375877244639840402e-01 2.413382272222182490e+00 1.003881034157277918e+00 -2.555200874986580661e-01 2.692932777541891642e+00 1.060506888082482835e+00 1.288405946481868680e+00 6.621843884985265660e+00 4.786178366520910110e+00 2.888594955612767468e+00 4.579200348571177415e+00 5.132990970216146032e+00 2.261050218447857585e+00 1.989797191287664635e+00 2.250019360483467512e+00 1.061008107827081437e+00 4.173705061974102293e+00 4.158711167453073898e+00 2.529588809175496777e+00 3.158379039955075740e+00 1.919408479184976146e+00 6.646359688705163471e-01 1.450679257412786693e+00 2.367285629939733571e+00 8.575709270782468252e+00 4.067887574124570804e+00 2.440059446421353861e+00 6.305439091465555812e+00 5.826102639461672617e+00 1.897038167646061035e+00 1.786485823679184737e+00 7.412327991912746938e+00 2.583696568960525575e+00 7.233371372478744732e+00 4.973769516066002261e+00 1.831462563549485001e+00 6.329343807947189759e+00 3.851042993787601176e+00 1.400000089748538379e+01 1.782422066480251921e+00 7.484360358307891481e+00 4.011249345486163520e+00 5.627926573633196483e+00 7.757118384203132599e+00
