# 
#                 ----------------------------------------------------
#                 Data from a 3D direct N-body simulation. 
# 
#                 rows are i-particle; 
#                 coumns are :mass, tag, x ,y, z, vx, vy, vz, ax, ay, az
# 
#                 NTHU, Computational Physics Lab
# 
#                 ----------------------------------------------------
#                 Time = 30.00000000000189
1.000000000000000000e+00 2.000000000000000000e+00 3.000000000000000000e+00 4.000000000000000000e+00 5.000000000000000000e+00 6.000000000000000000e+00 7.000000000000000000e+00 8.000000000000000000e+00 9.000000000000000000e+00 1.000000000000000000e+01
2.000000000000000000e+00 2.000000000000000000e+00 2.000000000000000000e+00 2.000000000000000000e+00 2.000000000000000000e+00 2.000000000000000000e+00 2.000000000000000000e+00 2.000000000000000000e+00 2.000000000000000000e+00 2.000000000000000000e+00
2.377622441442618140e+01 8.621931332808017601e+01 3.179947448522592879e+01 3.692098317610314666e+02 -4.084040141303353835e+02 3.142479970278649049e+01 1.542675348211213660e+01 -1.273442490093067647e+02 1.161651311203283932e+01 8.882323529353099900e+01
-2.413433707998300406e+02 -2.494200824778668490e+01 -8.358059580434877489e+01 1.800173203492834944e+02 2.710396507409362243e+02 -3.688342700964329879e+02 4.122524580883690959e+01 -1.019176923308717022e+02 -1.004681848584244506e+02 -3.284799879980578652e+01
2.773023191206340243e+01 1.177605749889267770e+02 -1.167552850072633248e+02 1.537170689480679187e+02 -8.736656199629345565e+01 3.337635752396041511e+01 -1.997948527942470491e+02 -8.774431452890291894e+01 -4.083531966495191057e+01 1.746468085934856873e+01
2.592024164675726383e-01 1.178031838912068974e+00 3.513036108404954949e-01 4.432818008706248314e+00 -5.142198504045373042e+00 3.947786640147428749e-01 5.166901228220625170e-02 -1.614781494394158523e+00 6.418510592603667020e-02 1.247108857077566135e+00
-2.917791981587566141e+00 -7.977992603478291089e-01 -1.000254381124981773e+00 2.236640477624530110e+00 3.439131677385780517e+00 -4.506937736428545449e+00 6.205533555710310845e-01 -1.073985894512866190e+00 -1.098907261828570459e+00 -1.032161778185810147e-01
2.128916499055389655e-01 1.213507804166629400e+00 -1.353396127166142104e+00 1.518806965759841532e+00 -8.623125535125704122e-01 3.221993850652997149e-01 -2.213508267732073875e+00 -7.822841523698608190e-01 -5.241381421347743874e-01 3.634120617651723228e-01
-7.881669937946677020e-06 8.450682467488753596e-03 -1.838734721614680191e-03 -7.061166983498330261e-05 4.091050402834418728e-05 -1.426950629274526520e-05 2.708168501666915529e-04 3.342631420096722587e-04 2.393730199362354913e-03 -9.558905595375458489e-03
2.009654151500031040e-04 -2.757739608624974401e-02 -1.372789302927296872e-03 -4.908644184953483557e-05 -3.225036029541630237e-05 2.443227916322148006e-04 -5.631921184947722737e-04 3.008322122295823602e-05 2.085091154789479699e-03 2.703425172702211138e-02
0.000000000000000000e+00 0.000000000000000000e+00 0.000000000000000000e+00 0.000000000000000000e+00 0.000000000000000000e+00 0.000000000000000000e+00 0.000000000000000000e+00 0.000000000000000000e+00 0.000000000000000000e+00 0.000000000000000000e+00
