# 
#                 ----------------------------------------------------
#                 Data from a 3D direct N-body simulation. 
# 
#                 rows are i-particle; 
#                 coumns are :mass, tag, x ,y, z, vx, vy, vz, ax, ay, az
# 
#                 NTHU, Computational Physics Lab
# 
#                 ----------------------------------------------------
#                 Time = 74.00000000000095
1.000000000000000000e+00 2.000000000000000000e+00 3.000000000000000000e+00 4.000000000000000000e+00 5.000000000000000000e+00 6.000000000000000000e+00 7.000000000000000000e+00 8.000000000000000000e+00 9.000000000000000000e+00 1.000000000000000000e+01
2.000000000000000000e+00 2.000000000000000000e+00 2.000000000000000000e+00 2.000000000000000000e+00 2.000000000000000000e+00 2.000000000000000000e+00 2.000000000000000000e+00 2.000000000000000000e+00 2.000000000000000000e+00 2.000000000000000000e+00
5.797059450733483033e+01 2.584851339484081905e+02 6.649468372666432003e+01 9.540328354763836387e+02 -1.086997088984478978e+03 8.347189043916040418e+01 2.329010254806934910e+01 -3.390399611179592512e+02 3.433314589304482922e+01 2.318465394115056313e+02
-6.256185485559852850e+02 -5.798450611792853948e+01 -2.226278939639965699e+02 4.750370320690634571e+02 7.248654642426138253e+02 -9.626918386207036065e+02 1.208444355800466212e+02 -2.435647093826088394e+02 -2.356071693443787467e+02 -1.212002009155534807e+02
5.583192969957601548e+01 2.779436051389726572e+02 -2.954035737932025540e+02 3.541995884283513192e+02 -2.011918190600466119e+02 7.590667635258610346e+01 -4.919779441349136277e+02 -1.910058226418080949e+02 -1.100215544267021954e+02 6.543507301237023910e+01
2.590231062768073578e-01 1.245596607535171430e+00 1.794167933980859442e-01 4.429244368199770854e+00 -5.140156006180638393e+00 3.940384478396063983e-01 6.332931351620522953e-02 -1.597967433166308959e+00 2.662802021970863686e-01 1.123334540408610360e+00
-2.907703951295802725e+00 -2.749754581001678244e-01 -1.093483418373299099e+00 2.234125598139731217e+00 3.437522592538128752e+00 -4.494733335255569173e+00 5.945138640733195201e-01 -1.072644347087030825e+00 -9.729469500630483214e-01 -6.536096362523078351e-01
2.128916499055389655e-01 1.213507804166629400e+00 -1.353396127166142104e+00 1.518806965759841532e+00 -8.623125535125704122e-01 3.221993850652997149e-01 -2.213508267732073875e+00 -7.822841523698608190e-01 -5.241381421347743874e-01 3.634120617651723228e-01
2.168617127690826367e-07 -2.319592942083393379e-04 -1.485699723815620769e-03 -1.037855109682572042e-05 5.858397090344814329e-06 -2.189221227023665005e-06 2.930261876188358010e-05 4.859319546870150772e-05 1.579986234966463624e-03 6.626948234764655054e-05
2.918036155681922152e-05 -4.202867684654976372e-04 -5.722354414272498276e-04 -7.390954496481447752e-06 -4.611010845286203793e-06 3.504062260083424044e-05 -7.031705544616715948e-05 3.500806074299145162e-06 6.564054518073432617e-04 3.507139886413863689e-04
0.000000000000000000e+00 0.000000000000000000e+00 0.000000000000000000e+00 0.000000000000000000e+00 0.000000000000000000e+00 0.000000000000000000e+00 0.000000000000000000e+00 0.000000000000000000e+00 0.000000000000000000e+00 0.000000000000000000e+00
