# 
#                 ----------------------------------------------------
#                 Data from a 3D direct N-body simulation. 
# 
#                 rows are i-particle; 
#                 coumns are :mass, tag, x ,y, z, vx, vy, vz, ax, ay, az
# 
#                 NTHU, Computational Physics Lab
# 
#                 ----------------------------------------------------
#                 Time = 63.999999999995836
1.000000000000000000e+00 2.000000000000000000e+00 3.000000000000000000e+00 4.000000000000000000e+00 5.000000000000000000e+00 6.000000000000000000e+00 7.000000000000000000e+00 8.000000000000000000e+00 9.000000000000000000e+00 1.000000000000000000e+01
2.000000000000000000e+00 2.000000000000000000e+00 2.000000000000000000e+00 2.000000000000000000e+00 2.000000000000000000e+00 2.000000000000000000e+00 2.000000000000000000e+00 2.000000000000000000e+00 2.000000000000000000e+00 2.000000000000000000e+00
5.019998262361036012e+01 2.209983316102803315e+02 6.049097947501260819e+01 8.211503441799360417e+02 -9.327894941583095942e+02 7.164964981082282236e+01 2.140489701849070769e+01 -2.910767865384382844e+02 2.701227631080850600e+01 1.981830068166698595e+02
-5.383729220612822246e+02 -4.994927518817905110e+01 -1.900762842935484684e+02 4.080095922078299964e+02 6.217374921861560324e+02 -8.278324110906407896e+02 1.029739780190259353e+02 -2.113836304769350818e+02 -2.061238173533380689e+02 -1.014129196989733828e+02
4.944518020241567768e+01 2.415383710139225002e+02 -2.548016899782163875e+02 3.086353794555596437e+02 -1.753224424546329487e+02 6.624069480061037041e+01 -4.255726961029439508e+02 -1.675372980706932822e+02 -9.429741016267517750e+01 5.453271115940970759e+01
2.590184002761207194e-01 1.254089949130784643e+00 2.195572051761549293e-01 4.429606485460272580e+00 -5.140360620598757535e+00 3.941147173864513742e-01 6.229475354662569742e-02 -1.599662824724161991e+00 2.228896027294606230e-01 1.120626463098072012e+00
-2.908722033839298948e+00 -2.597409466270201306e-01 -1.076714245830337813e+00 2.234383163465690991e+00 3.437683663094791786e+00 -4.495956871228373508e+00 5.969777218628909976e-01 -1.072767317414990318e+00 -9.926841779406377908e-01 -6.663653659751116454e-01
2.128916499055389655e-01 1.213507804166629400e+00 -1.353396127166142104e+00 1.518806965759841532e+00 -8.623125535125704122e-01 3.221993850652997149e-01 -2.213508267732073875e+00 -7.822841523698608190e-01 -5.241381421347743874e-01 3.634120617651723228e-01
7.204516806975978880e-08 -3.470131207164324212e-04 -1.230613324803697586e-03 -1.403972036211473186e-05 7.943734798944026779e-06 -2.953364923851482717e-06 4.065981321445799048e-05 6.582954602726727434e-05 1.357319726412995788e-03 1.227946651843612774e-04
3.947325946432523507e-05 -6.163618587794107056e-04 -5.551059630083406788e-04 -9.974045275013071140e-06 -6.253777914949694489e-06 4.749677269167573999e-05 -9.614549304783425831e-05 4.822068504347464832e-06 6.725133681277996366e-04 5.195356692374003115e-04
0.000000000000000000e+00 0.000000000000000000e+00 0.000000000000000000e+00 0.000000000000000000e+00 0.000000000000000000e+00 0.000000000000000000e+00 0.000000000000000000e+00 0.000000000000000000e+00 0.000000000000000000e+00 0.000000000000000000e+00
