# 
#                 ----------------------------------------------------
#                 Data from a 3D direct N-body simulation. 
# 
#                 rows are i-particle; 
#                 coumns are :mass, tag, x ,y, z, vx, vy, vz, ax, ay, az
# 
#                 NTHU, Computational Physics Lab
# 
#                 ----------------------------------------------------
#                 Time = 34.000000000001805
1.000000000000000000e+00 2.000000000000000000e+00 3.000000000000000000e+00 4.000000000000000000e+00 5.000000000000000000e+00 6.000000000000000000e+00 7.000000000000000000e+00 8.000000000000000000e+00 9.000000000000000000e+00 1.000000000000000000e+01
2.000000000000000000e+00 2.000000000000000000e+00 2.000000000000000000e+00 2.000000000000000000e+00 2.000000000000000000e+00 2.000000000000000000e+00 2.000000000000000000e+00 2.000000000000000000e+00 2.000000000000000000e+00 2.000000000000000000e+00
2.688617032707407972e+01 1.044085626112503178e+02 3.589069030164145602e+01 4.223990150041538527e+02 -4.701077175335113907e+02 3.616120334444544682e+01 1.606407294437684996e+01 -1.466997576291739733e+02 1.254762543376700101e+01 9.966704851054343806e+01
-2.763437113025826761e+02 -3.242237162542473072e+01 -9.567360106541184450e+01 2.068537795885806645e+02 3.123071193841914237e+02 -4.229015238318285128e+02 4.863546803961789777e+01 -1.148035893320035399e+02 -1.135190893279806659e+02 -3.622355662772174156e+01
3.028493171093180081e+01 1.323226686389262738e+02 -1.329960385332578028e+02 1.719427525371845888e+02 -9.771431263844186788e+01 3.724275014474218182e+01 -2.263569520070349199e+02 -9.713172435734884402e+01 -4.712497737057124425e+01 2.182562560052964074e+01
2.591279730146939797e-01 1.501196685337961911e+00 3.311226006117120590e-01 4.432078849713657398e+00 -5.141771527177700918e+00 3.946283453304013089e-01 5.439581777823876418e-02 -1.611290084843644221e+00 9.021441392202027287e-02 9.128014676893920765e-01
-2.915693371924034327e+00 4.721015248754596716e-02 -1.014629532255016731e+00 2.236125266789643184e+00 3.438795108851258497e+00 -4.504387413759315173e+00 6.147800040614536110e-01 -1.073679606328345582e+00 -1.077217261476610677e+00 -9.547645714917417648e-01
2.128916499055389655e-01 1.213507804166629400e+00 -1.353396127166142104e+00 1.518806965759841532e+00 -8.623125535125704122e-01 3.221993850652997149e-01 -2.213508267732073875e+00 -7.822841523698608190e-01 -5.241381421347743874e-01 3.634120617651723228e-01
-4.799086400201774404e-06 -4.269230496326316404e-02 -1.549917069257375924e-03 -5.374648971915489351e-05 3.096624195134016282e-05 -1.099507187315276993e-05 1.911684055228443863e-04 2.539891798383937804e-04 1.982621939288031852e-03 4.185301691391243167e-02
1.522589438946284784e-04 -3.404538224281199177e-02 -1.055265672886600281e-03 -3.756061107249661238e-05 -2.440643867956818888e-05 1.849216204821748093e-04 -4.114701665074029066e-04 2.170064217036801093e-05 1.580099216830169878e-03 3.363510470858070700e-02
0.000000000000000000e+00 0.000000000000000000e+00 0.000000000000000000e+00 0.000000000000000000e+00 0.000000000000000000e+00 0.000000000000000000e+00 0.000000000000000000e+00 0.000000000000000000e+00 0.000000000000000000e+00 0.000000000000000000e+00
