# 
#                 ----------------------------------------------------
#                 Data from a 3D direct N-body simulation. 
# 
#                 rows are i-particle; 
#                 coumns are :mass, tag, x ,y, z, vx, vy, vz, ax, ay, az
# 
#                 NTHU, Computational Physics Lab
# 
#                 ----------------------------------------------------
#                 Time = 32.0000000000022
1.000000000000000000e+00 2.000000000000000000e+00 3.000000000000000000e+00 4.000000000000000000e+00 5.000000000000000000e+00 6.000000000000000000e+00 7.000000000000000000e+00 8.000000000000000000e+00 9.000000000000000000e+00 1.000000000000000000e+01
2.000000000000000000e+00 2.000000000000000000e+00 2.000000000000000000e+00 2.000000000000000000e+00 2.000000000000000000e+00 2.000000000000000000e+00 2.000000000000000000e+00 2.000000000000000000e+00 2.000000000000000000e+00 2.000000000000000000e+00
2.533130846046496387e+01 9.364160552503557255e+01 3.387529993877107870e+01 3.958055296673173871e+02 -4.392565048869160478e+02 3.379322655943088449e+01 1.574133830003348855e+01 -1.370272322717718225e+02 1.204309962105839382e+01 9.593421489910650735e+01
-2.588466816747264261e+02 -3.048650096955650213e+01 -8.960560523983612313e+01 1.934363211477472646e+02 2.916738887926783832e+02 -3.958717136061137580e+02 4.493899064944126565e+01 -1.083610996048947328e+02 -1.070260734321087313e+02 -3.272183467575700178e+01
2.900758181149760162e+01 1.250416218139265254e+02 -1.248756617702605638e+02 1.628299107426262538e+02 -9.254043731736766176e+01 3.530955383435129846e+01 -2.130759024006409845e+02 -9.243801944312588148e+01 -4.398014851776157741e+01 1.964515322993910473e+01
2.591606005560662673e-01 1.387095917793604194e+00 3.407834347887312987e-01 4.432423252108574019e+00 -5.141970177689461963e+00 3.946986127171044911e-01 5.315025654959016493e-02 -1.612918304248743384e+00 7.780424097428671748e-02 1.032277955468994479e+00
-2.916669984769443502e+00 -1.139681166841567395e+00 -1.007912520710499527e+00 2.236365661671228633e+00 3.438951693008629462e+00 -4.505573921924424852e+00 6.174413568110688200e-01 -1.073820411998027691e+00 -1.087320362147763619e+00 2.347592271241546735e-01
2.128916499055389655e-01 1.213507804166629400e+00 -1.353396127166142104e+00 1.518806965759841532e+00 -8.623125535125704122e-01 3.221993850652997149e-01 -2.213508267732073875e+00 -7.822841523698608190e-01 -5.241381421347743874e-01 3.634120617651723228e-01
-6.139890760935771310e-06 1.369741732987072025e-01 -1.675632204617936993e-03 -6.131748671089796651e-05 3.542041482433063690e-05 -1.247633936929832274e-05 2.254945112897677596e-04 2.900102498456603247e-04 2.162487571071973827e-03 -1.379320201242798527e-01
1.740549488289971805e-04 -1.348711652361101743e-01 -1.189999202444216950e-03 -4.274803122309724611e-05 -2.791992256923926324e-05 2.115212308468988032e-04 -4.783130920943896359e-04 2.538552422528538190e-05 1.798154392624386503e-03 1.344010293879155382e-01
0.000000000000000000e+00 0.000000000000000000e+00 0.000000000000000000e+00 0.000000000000000000e+00 0.000000000000000000e+00 0.000000000000000000e+00 0.000000000000000000e+00 0.000000000000000000e+00 0.000000000000000000e+00 0.000000000000000000e+00
