# 
#                 ----------------------------------------------------
#                 Data from a 3D direct N-body simulation. 
# 
#                 rows are i-particle; 
#                 coumns are :mass, tag, x ,y, z, vx, vy, vz, ax, ay, az
# 
#                 NTHU, Computational Physics Lab
# 
#                 ----------------------------------------------------
#                 Time = 98.00000000001323
1.000000000000000000e+00 2.000000000000000000e+00 3.000000000000000000e+00 4.000000000000000000e+00 5.000000000000000000e+00 6.000000000000000000e+00 7.000000000000000000e+00 8.000000000000000000e+00 9.000000000000000000e+00 1.000000000000000000e+01
2.000000000000000000e+00 2.000000000000000000e+00 2.000000000000000000e+00 2.000000000000000000e+00 2.000000000000000000e+00 2.000000000000000000e+00 2.000000000000000000e+00 2.000000000000000000e+00 2.000000000000000000e+00 2.000000000000000000e+00
7.662090699800644700e+01 3.476944559981230327e+02 7.363854707567386981e+01 1.272916365882089849e+03 -1.457075882742930162e+03 1.118379977724879240e+02 2.791129275520819064e+01 -4.539904837338611401e+02 5.947933222064744285e+01 3.128485069996352195e+02
-8.349111823439687896e+02 -7.865046554774180265e+01 -3.030337754578101794e+02 6.358783418458089045e+02 9.723573020877006456e+02 -1.286238223288267136e+03 1.635007590911074544e+02 -3.207877549889207671e+02 -3.038088771749471562e+02 -1.675378127478846295e+02
7.116012849278472174e+01 3.653161670391742746e+02 -3.928480949491694219e+02 4.635536899630513403e+02 -2.632783229130154155e+02 9.910503207732786279e+01 -6.513505394116408524e+02 -2.473302816124836454e+02 -1.477595006603670527e+02 9.160074145943109158e+01
2.590415694193036744e-01 1.233774861006883716e+00 -5.063584527460103513e-02 4.428685312506162042e+00 -5.139841004631069410e+00 3.939202746937254251e-01 6.487859997064232553e-02 -1.595354990683114815e+00 5.014125410904525237e-01 1.126245052196953589e+00
-2.906131476202348907e+00 -2.967426193910472354e-01 -1.142849285983714935e+00 2.233726725331218077e+00 3.437274708658488276e+00 -4.492848601651832752e+00 5.907541012756759580e-01 -1.072458867518301329e+00 -9.191656219584964926e-01 -6.355019970687753039e-01
2.128916499055389655e-01 1.213507804166629400e+00 -1.353396127166142104e+00 1.518806965759841532e+00 -8.623125535125704122e-01 3.221993850652997149e-01 -2.213508267732073875e+00 -7.822841523698608190e-01 -5.241381421347743874e-01 3.634120617651723228e-01
2.601335811609517256e-07 -1.173658248164867430e-04 -9.881569275684285933e-03 -5.809456777868966274e-06 3.267873256743848298e-06 -1.230557796652179080e-06 1.582166877982340412e-05 2.713570437408067572e-05 9.934777328130878910e-03 2.471240695260610093e-05
1.635074147881934758e-05 -2.199630029067061474e-04 -5.201269729226145298e-04 -4.152708973752706836e-06 -2.571054659411349054e-06 1.955966524902804499e-05 -3.885337587628342218e-05 1.905824915827579450e-06 5.650068617048975995e-04 1.828440219901956206e-04
0.000000000000000000e+00 0.000000000000000000e+00 0.000000000000000000e+00 0.000000000000000000e+00 0.000000000000000000e+00 0.000000000000000000e+00 0.000000000000000000e+00 0.000000000000000000e+00 0.000000000000000000e+00 0.000000000000000000e+00
