# 
#                 ----------------------------------------------------
#                 Data from a 3D direct N-body simulation. 
# 
#                 rows are i-particle; 
#                 coumns are :mass, tag, x ,y, z, vx, vy, vz, ax, ay, az
# 
#                 NTHU, Computational Physics Lab
# 
#                 ----------------------------------------------------
#                 Time = 90.00000000000914
1.000000000000000000e+00 2.000000000000000000e+00 3.000000000000000000e+00 4.000000000000000000e+00 5.000000000000000000e+00 6.000000000000000000e+00 7.000000000000000000e+00 8.000000000000000000e+00 9.000000000000000000e+00 1.000000000000000000e+01
2.000000000000000000e+00 2.000000000000000000e+00 2.000000000000000000e+00 2.000000000000000000e+00 2.000000000000000000e+00 2.000000000000000000e+00 2.000000000000000000e+00 2.000000000000000000e+00 2.000000000000000000e+00 2.000000000000000000e+00
7.040398521615500727e+01 3.180477879448242220e+02 7.300983584885467792e+01 1.166626144602119439e+03 -1.333718700619550873e+03 1.023835356137415289e+02 2.635905052784299940e+01 -4.156936827803642132e+02 4.930561952611653709e+01 2.858264368502765365e+02
-7.651590353237402269e+02 -7.159602166248620847e+01 -2.758217507026170097e+02 5.822676329337874677e+02 8.898619238071945574e+02 -1.178403883363478599e+03 1.493107897379377960e+02 -2.950481596580852397e+02 -2.815187945911985139e+02 -1.522297728647581039e+02
6.605072889503939848e+01 3.361919797391070688e+02 -3.603665878971804659e+02 4.271023227848179999e+02 -2.425828216287084729e+02 9.137224683574727635e+01 -5.982263409860651109e+02 -2.285554619555917952e+02 -1.351801852491454383e+02 8.287885197707747409e+01
2.590352207180919297e-01 1.236881253936473524e+00 7.913874640303843189e-02 4.428837511264718252e+00 -5.139926655201588979e+00 3.939524933581753374e-01 6.446226283590807127e-02 -1.596065771003877920e+00 3.702468115866399123e-01 1.125563811176444773e+00
-2.906559747752404110e+00 -2.909499916175498635e-01 -1.124387377398931243e+00 2.233835464096393775e+00 3.437342101208289868e+00 -4.493361218536191970e+00 5.917731986520993193e-01 -1.072508948155986186e+00 -9.388101079625233991e-01 -6.403155739183634676e-01
2.128916499055389655e-01 1.213507804166629400e+00 -1.353396127166142104e+00 1.518806965759841532e+00 -8.623125535125704122e-01 3.221993850652997149e-01 -2.213508267732073875e+00 -7.822841523698608190e-01 -5.241381421347743874e-01 3.634120617651723228e-01
2.669473854427415623e-07 -1.428615779963549742e-04 -3.233783211823720947e-03 -6.923024261487570224e-06 3.897906517219080214e-06 -1.464652120409893104e-06 1.903007325031375908e-05 3.235801349318742696e-05 3.297023035360503642e-03 3.245649019530616274e-05
1.947675079304918226e-05 -2.650981371378240072e-04 -7.557270695129322856e-04 -4.943635160510109546e-06 -3.067085848857485490e-06 2.332572629829522955e-05 -4.644386981731889544e-05 2.290001669234605373e-06 8.099116416934565819e-04 2.202756770234072265e-04
0.000000000000000000e+00 0.000000000000000000e+00 0.000000000000000000e+00 0.000000000000000000e+00 0.000000000000000000e+00 0.000000000000000000e+00 0.000000000000000000e+00 0.000000000000000000e+00 0.000000000000000000e+00 0.000000000000000000e+00
